0 4.612836 
1 4.608970 
2 4.856495 
3 4.722495 
4 5.084767 
5 4.574485 
6 4.604434 
7 4.368127 
8 4.231305 
9 4.279529 
10 4.339258 
11 4.627880 
12 4.457000 
13 4.715369 
14 4.628571 
15 4.637060 
16 4.761791 
17 4.673245 
18 4.456130 
19 4.521296 
20 4.251849 
21 4.318227 
22 4.496535 
23 4.263261 
24 4.328681 
25 4.589091 
26 4.360947 
27 4.116742 
28 4.347297 
29 4.753104 
30 4.882889 
31 5.218617 
32 4.740065 
33 4.766426 
34 5.012649 
35 4.432045 
36 4.964753 
37 4.990987 
38 4.415001 
39 4.486374 
40 4.451199 
41 4.733437 
42 4.948828 
43 4.640046 
44 4.628428 
45 4.692145 
46 5.016644 
47 4.710113 
48 5.093774 
49 4.810468 
50 5.014752 
51 4.658194 
52 4.551385 
53 4.802886 
54 4.954137 
55 4.865889 
56 4.926138 
57 4.935937 
58 4.804676 
59 4.997498 
60 4.787282 
61 4.852851 
62 4.886987 
63 5.047655 
64 5.105046 
65 4.873881 
66 4.840271 
67 5.007382 
68 4.624555 
69 4.768359 
70 4.508386 
71 4.511879 
72 4.583881 
73 4.551373 
74 4.743093 
75 4.798575 
76 4.735246 
77 4.704742 
78 4.986750 
79 4.846882 
80 4.907169 
81 4.731259 
82 4.626195 
83 4.627252 
84 4.435991 
85 4.582588 
86 4.842850 
87 4.553323 
88 4.740212 
89 4.812638 
90 4.315509 
91 4.833546 
92 4.848702 
93 5.024449 
94 5.216578 
95 4.887078 
96 4.833602 
97 4.910193 
98 5.011555 
99 4.800621 
100 4.897892 
101 4.637158 
102 4.885560 
103 4.491558 
104 4.797969 
105 4.853735 
106 4.620038 
107 4.826509 
108 4.658546 
109 5.086204 
110 4.775790 
111 4.974766 
112 4.625000 
113 4.963223 
114 4.796712 
115 5.019462 
116 4.945824 
117 4.654773 
118 4.690788 
119 4.429816 
120 5.190557 
121 5.154553 
122 4.653655 
123 4.948070 
124 4.849405 
125 4.633283 
126 4.479777 
127 4.578180 
128 4.583174 
129 4.746800 
130 4.930401 
131 4.568946 
132 4.969055 
133 4.756342 
134 4.885630 
135 5.098668 
136 4.756446 
137 4.688828 
138 4.686738 
139 4.832527 
140 5.022456 
141 4.903139 
142 4.883074 
143 4.724929 
144 4.579200 
145 4.657316 
146 4.666492 
147 4.865820 
148 4.804086 
149 4.541708 
150 4.803710 
151 4.770876 
152 4.704082 
153 4.794563 
154 4.870414 
155 4.785358 
156 4.722862 
157 5.047546 
158 4.515895 
159 5.007740 
160 4.529196 
161 4.720440 
162 4.743680 
163 4.609196 
164 4.470520 
165 4.986732 
166 4.821020 
167 4.962319 
168 4.620735 
169 4.968094 
170 4.676266 
171 4.925465 
172 4.871876 
173 4.774453 
174 4.851095 
175 5.191796 
176 4.663218 
177 4.750329 
178 4.873000 
179 4.843180 
180 4.469285 
181 4.839167 
182 4.981414 
183 4.321473 
184 5.081131 
185 4.502131 
186 4.833150 
187 5.009506 
188 4.840887 
189 4.980734 
190 4.653319 
191 5.072745 
192 4.718259 
193 5.117693 
194 5.105877 
195 4.455049 
196 4.658338 
197 4.868718 
198 4.956797 
199 4.748460 
200 5.067197 
201 4.731483 
202 5.060251 
203 5.082286 
204 5.165159 
205 5.089947 
206 4.818133 
207 5.300137 
208 4.517320 
209 4.830554 
210 4.907964 
211 4.798267 
212 5.042192 
213 4.665531 
214 5.027232 
215 4.721145 
216 4.634441 
217 5.018734 
218 4.843916 
219 5.210582 
220 4.867895 
221 5.028472 
222 5.037465 
223 5.014033 
224 4.832757 
225 4.668318 
226 5.232805 
227 4.904438 
228 5.095727 
229 4.968850 
230 4.849016 
231 5.274166 
232 4.968630 
233 4.798048 
234 4.699329 
235 5.144920 
236 5.226677 
237 4.619116 
238 4.692019 
239 4.641448 
240 4.881674 
241 4.724018 
242 4.930680 
243 4.634434 
244 4.773519 
245 5.124334 
246 5.023479 
247 5.239325 
248 4.941971 
249 5.208567 
250 4.795216 
251 4.441501 
252 5.316567 
253 4.942992 
254 4.725975 
255 5.141089 
256 4.860920 
257 5.032722 
258 5.003694 
259 4.833366 
260 4.678439 
261 4.828300 
262 4.789712 
263 4.674695 
264 4.853756 
265 5.076371 
266 5.001156 
267 4.568774 
268 4.646546 
269 4.957211 
270 4.918269 
271 4.862259 
272 4.792770 
273 4.785595 
274 4.805921 
275 4.680718 
276 4.906812 
277 4.783674 
278 4.722497 
279 4.746035 
280 4.961559 
281 5.059184 
282 4.890673 
283 4.615341 
284 4.868097 
285 4.643481 
286 4.914637 
287 4.734684 
288 4.912229 
289 5.330293 
290 4.579868 
291 4.756518 
292 4.645496 
293 4.959602 
294 4.761325 
295 4.539413 
296 4.947440 
297 4.816381 
298 4.719781 
299 5.056676 
300 4.830783 
301 4.693857 
302 4.636880 
303 4.342379 
304 4.698513 
305 4.503098 
306 4.719920 
307 4.954978 
308 5.047896 
309 4.805837 
310 4.911409 
311 4.948058 
312 4.835608 
313 4.826777 
314 5.009305 
315 4.668689 
316 4.734560 
317 4.968206 
318 4.810171 
319 4.655580 
320 5.047391 
321 4.995342 
322 5.121479 
323 4.687967 
324 4.649315 
325 5.073859 
326 4.828580 
327 4.766136 
328 4.637050 
329 4.852829 
330 4.645901 
331 4.963632 
332 4.720975 
333 4.717942 
334 4.986985 
335 4.752079 
336 4.919333 
337 4.729524 
338 4.742875 
339 4.845358 
340 4.819191 
341 4.595634 
342 4.870458 
343 4.850661 
344 5.002103 
345 4.720796 
346 4.422660 
347 4.533606 
348 5.024727 
349 4.495161 
350 4.901717 
351 4.806156 
352 4.585713 
353 5.225198 
354 4.989253 
355 4.648350 
356 4.878124 
357 4.837059 
358 4.688027 
359 5.179553 
360 4.722579 
361 5.156159 
362 5.282559 
363 5.095636 
364 5.129751 
365 4.742084 
366 4.892000 
367 4.522783 
368 4.946372 
369 4.782654 
370 4.546884 
371 5.036776 
372 5.035101 
373 4.795662 
374 4.963454 
375 4.903933 
376 4.810173 
377 5.017911 
378 4.783583 
379 5.066487 
380 4.789886 
381 4.745518 
382 4.938964 
383 5.007965 
384 4.836507 
385 5.132542 
386 4.494832 
387 4.419701 
388 4.881003 
389 4.759691 
390 5.014410 
391 4.276809 
392 4.423981 
393 4.197957 
394 4.862573 
395 4.603917 
396 4.711564 
397 4.727410 
398 4.934025 
399 5.078885 
400 4.846479 
401 5.399676 
402 4.968436 
403 5.226529 
404 4.710582 
405 4.600833 
406 4.546524 
407 4.816342 
408 4.986667 
409 4.974209 
410 4.625190 
411 4.854094 
412 4.976818 
413 4.657417 
414 5.236837 
415 5.054923 
416 4.890291 
417 4.538878 
418 5.106075 
419 4.504676 
420 4.883136 
421 5.539758 
422 5.217474 
423 4.596644 
424 4.481135 
425 4.699768 
426 4.692683 
427 4.677917 
428 4.620680 
429 4.729828 
430 4.415533 
431 4.498140 
432 4.976980 
433 4.749591 
434 4.877767 
435 4.353688 
436 4.847131 
437 4.587604 
438 4.235021 
439 4.678871 
440 4.750702 
441 4.702022 
442 4.502665 
443 4.789234 
444 4.852392 
445 4.635238 
446 4.918620 
447 5.079274 
448 5.218135 
449 4.508653 
450 4.722601 
451 4.907913 
452 4.711947 
453 4.829618 
454 4.908864 
455 4.744136 
456 4.706627 
457 4.993804 
458 4.623432 
459 4.772690 
460 4.879200 
461 4.641184 
462 4.639721 
463 4.956709 
464 5.055662 
465 4.675025 
466 4.732247 
467 4.726842 
468 3.960629 
469 4.382977 
470 4.429450 
471 4.864061 
472 4.559949 
473 5.006867 
474 4.707846 
475 4.751169 
476 5.011226 
477 4.819186 
478 4.626297 
479 4.459811 
480 5.043986 
481 5.070653 
482 5.175597 
483 4.876474 
484 4.852294 
485 4.536932 
486 4.869430 
487 4.805430 
488 4.905780 
489 4.744197 
490 4.601517 
491 4.969022 
492 5.056574 
493 4.715569 
494 4.856133 
495 4.940653 
496 4.823087 
497 4.712166 
498 4.870304 
499 4.523846 
500 5.006954 
501 4.893522 
502 4.987898 
503 4.985109 
504 4.758530 
505 4.868011 
506 4.890131 
507 4.912359 
508 5.185447 
509 5.411478 
510 4.765769 
511 4.909830 
512 4.762452 
513 4.888836 
514 5.106798 
515 4.930665 
516 4.713184 
517 4.746905 
518 5.004718 
519 4.744235 
520 4.902580 
521 4.871969 
522 4.853921 
523 4.901364 
524 4.492813 
525 4.687507 
526 5.142504 
527 4.899243 
528 4.822043 
529 4.972507 
530 5.136291 
531 4.978624 
532 5.033242 
533 4.938300 
534 4.704243 
535 4.848012 
536 4.664968 
537 4.717114 
538 4.851487 
539 5.042163 
540 5.067139 
541 5.102805 
542 5.089885 
543 4.825951 
544 4.750261 
545 4.734060 
546 4.934723 
547 5.084909 
548 5.265308 
549 5.004558 
550 4.796088 
551 5.187388 
552 4.849350 
553 4.675776 
554 4.664793 
555 5.018837 
556 4.570168 
557 4.836408 
558 4.863771 
559 5.082468 
560 4.953096 
561 4.974285 
562 4.945712 
563 4.819447 
564 5.010492 
565 4.865294 
566 4.791306 
567 4.924630 
568 4.840058 
569 4.811468 
570 4.858512 
571 5.203547 
572 4.673113 
573 4.965850 
574 4.532414 
575 5.056473 
576 4.705903 
577 4.936182 
578 4.890440 
579 4.702758 
580 4.744509 
581 5.141511 
582 5.184837 
583 5.203801 
584 4.979881 
585 4.680486 
586 4.676096 
587 5.320503 
588 4.985550 
589 5.051380 
590 4.466965 
591 5.082646 
592 4.953143 
593 5.053745 
594 4.858228 
595 4.907766 
596 5.107260 
597 4.821662 
598 4.946842 
599 4.877675 
600 4.919378 
601 4.839932 
602 4.953710 
603 4.946936 
604 4.827174 
605 4.878011 
606 4.839111 
607 4.870091 
608 4.633206 
609 4.866942 
610 5.026974 
611 4.837911 
612 4.931333 
613 4.512480 
614 4.702251 
615 5.232450 
616 5.019125 
617 4.755688 
618 5.490439 
619 4.848495 
620 4.804038 
621 4.804715 
622 4.431847 
623 4.876006 
624 4.931933 
625 4.916678 
626 4.758065 
627 4.742979 
628 4.986226 
629 4.855720 
630 4.597099 
631 4.632137 
632 4.725883 
633 4.616963 
634 5.254438 
635 5.273623 
636 5.275871 
637 4.685887 
638 4.868163 
639 4.875441 
640 5.312663 
641 4.999759 
642 4.765766 
643 4.867697 
644 5.095677 
645 4.516192 
646 5.067483 
647 4.735448 
648 4.932029 
649 5.204824 
650 4.810918 
651 4.916967 
652 4.355060 
653 4.773927 
654 5.027519 
655 5.110300 
656 4.961143 
657 4.548067 
658 5.057876 
659 4.942474 
660 4.719014 
661 5.115074 
662 4.996541 
663 5.042459 
664 5.032363 
665 5.157262 
666 4.738372 
667 4.833280 
668 5.108664 
669 4.675523 
670 4.774013 
671 5.037332 
672 4.929692 
673 4.933239 
674 4.727343 
675 4.707466 
676 4.719463 
677 4.656886 
678 4.723033 
679 4.591182 
680 4.365234 
681 4.496902 
682 4.742230 
683 5.207626 
684 5.097158 
685 5.046909 
686 4.645715 
687 4.989647 
688 4.767896 
689 4.805457 
690 4.961015 
691 4.710134 
692 4.953707 
693 4.730023 
694 4.848397 
695 4.825857 
696 4.727049 
697 5.141849 
698 4.491280 
699 5.238816 
700 4.871036 
701 4.836623 
702 4.537025 
703 5.039435 
704 4.830913 
705 5.081614 
706 4.807549 
707 4.674991 
708 5.061832 
709 5.139360 
710 4.637291 
711 5.134876 
712 4.783007 
713 5.082786 
714 4.407024 
715 4.694078 
716 4.784681 
717 4.915648 
718 4.760790 
719 4.965548 
720 5.130773 
721 4.977830 
722 4.580521 
723 4.625977 
724 4.619500 
725 4.726443 
726 4.938946 
727 4.886981 
728 4.876554 
729 4.836353 
730 4.905642 
731 4.957132 
732 4.982633 
733 4.894620 
734 4.657383 
735 5.182993 
736 4.984038 
737 4.647653 
738 4.819180 
739 4.774412 
740 4.460039 
741 5.199591 
742 4.862923 
743 5.299826 
744 4.754385 
745 5.050929 
746 5.059880 
747 4.977965 
748 5.029416 
749 5.176710 
750 5.136990 
751 4.907622 
752 5.045103 
753 4.830434 
754 5.137661 
755 4.883279 
756 4.589807 
757 4.834168 
758 5.368114 
759 4.976173 
760 4.811393 
761 5.013741 
762 4.629512 
763 5.202130 
764 4.770010 
765 4.772550 
766 4.647510 
767 4.819451 
768 4.823083 
769 4.882563 
770 5.003661 
771 4.885228 
772 4.949243 
773 4.860450 
774 4.785031 
775 4.944984 
776 4.779307 
777 4.882855 
778 4.887295 
779 4.870172 
780 4.601980 
781 4.773030 
782 4.685858 
783 4.870385 
784 4.390046 
785 4.766781 
786 5.161295 
787 5.011377 
788 4.730950 
789 5.071828 
790 5.135699 
791 4.960007 
792 5.239281 
793 4.813214 
794 4.969069 
795 4.902731 
796 4.980616 
797 4.906240 
798 5.087731 
799 4.997985 
800 5.051359 
801 4.674550 
802 4.744645 
803 4.844224 
804 4.979496 
805 4.697919 
806 4.833385 
807 4.801507 
808 4.934673 
809 5.086044 
810 4.704849 
811 4.728474 
812 4.714889 
813 5.050386 
814 3.641174 
815 3.627923 
816 3.457384 
817 3.640516 
818 3.479533 
819 3.811139 
820 3.455183 
821 3.581054 
822 3.956642 
823 3.750562 
824 4.045444 
825 3.426785 
826 3.858470 
827 3.681585 
828 3.997350 
829 3.724197 
830 3.616331 
831 3.932122 
832 3.969862 
833 3.464232 
834 3.849505 
835 4.062245 
836 3.395256 
837 3.412341 
838 3.593408 
839 3.794838 
840 3.613022 
841 3.472995 
842 3.903981 
843 3.730097 
844 4.170369 
845 3.777952 
846 3.606055 
847 3.530118 
848 3.445350 
849 3.597012 
850 3.696970 
851 3.872870 
852 4.104013 
853 3.941447 
854 4.214531 
855 4.127838 
856 4.012454 
857 3.300255 
858 3.999944 
859 3.954826 
860 4.123662 
861 3.651597 
862 4.134609 
863 3.613633 
864 3.849447 
865 3.644119 
866 3.757910 
867 3.491863 
868 4.077754 
869 3.798494 
870 3.806457 
871 3.901414 
872 3.799536 
873 3.841476 
874 3.823578 
875 3.725126 
876 3.818435 
877 3.926226 
878 3.675840 
879 3.655195 
880 3.497540 
881 3.643004 
882 3.530189 
883 3.593907 
884 3.782403 
885 3.877949 
886 3.665666 
887 3.471127 
888 3.517405 
889 3.847943 
890 3.759953 
891 3.522732 
892 3.468013 
893 3.652634 
894 3.984894 
895 3.459584 
896 4.054019 
897 3.657218 
898 4.357982 
899 3.525593 
900 3.630548 
901 3.944105 
902 3.386186 
903 3.727548 
904 3.869205 
905 3.509043 
906 3.223126 
907 3.359708 
908 3.625912 
909 3.480796 
910 3.710903 
911 3.702052 
912 3.757480 
913 3.709917 
914 3.638141 
915 3.683066 
916 3.565192 
917 3.462195 
918 3.737003 
919 3.825199 
920 3.538004 
921 3.582006 
922 3.346099 
923 3.603162 
924 3.517097 
925 3.816669 
926 3.464745 
927 3.490763 
928 3.647777 
929 3.563157 
930 3.435631 
931 3.608842 
932 4.111346 
933 3.594765 
934 3.655422 
935 3.576274 
936 3.799359 
937 3.824681 
938 3.673046 
939 3.234701 
940 3.530263 
941 3.367192 
942 3.521403 
943 3.824962 
944 3.774352 
945 3.327020 
946 3.552169 
947 4.080447 
948 3.724046 
949 3.538273 
950 3.756209 
951 3.775223 
952 3.723101 
953 3.760412 
954 3.580515 
955 3.881299 
956 3.881299 
957 3.678718 
958 3.415283 
959 3.523541 
960 3.645349 
961 3.704024 
962 3.734549 
963 3.688277 
964 3.444909 
965 3.890533 
966 3.697155 
967 3.999813 
968 3.614254 
969 3.796489 
970 3.643362 
971 3.687629 
972 3.494850 
973 3.714075 
974 3.661359 
975 3.628572 
976 3.529929 
977 3.603614 
978 3.820348 
979 3.900830 
980 3.887729 
981 3.458873 
982 3.704722 
983 3.576849 
984 3.816327 
985 3.604993 
986 3.336775 
987 3.635409 
988 3.613812 
989 3.847267 
990 3.777977 
991 3.675150 
992 3.558844 
993 3.465194 
994 3.432483 
995 3.733246 
996 3.512803 
997 3.962408 
998 3.427907 
999 3.565212 
1000 4.095678 
1001 3.654218 
1002 3.676286 
1003 3.670004 
1004 3.602033 
1005 3.739113 
1006 3.484697 
1007 3.477106 
1008 3.904708 
1009 3.444518 
1010 3.854418 
1011 3.081417 
1012 3.800408 
1013 3.735680 
1014 3.327543 
1015 3.651847 
1016 3.397153 
1017 3.442690 
1018 3.826011 
1019 3.324558 
1020 3.538165 
1021 3.632374 
1022 3.867291 
1023 3.816757 
1024 3.764208 
1025 3.623624 
1026 3.402175 
1027 3.531539 
1028 4.172354 
1029 3.935144 
1030 3.331149 
1031 3.627073 
1032 3.842077 
1033 3.498511 
1034 3.845165 
1035 3.654226 
1036 4.055054 
1037 3.742385 
1038 3.458521 
1039 4.103588 
1040 3.561244 
1041 3.322189 
1042 3.697342 
1043 3.629133 
1044 3.672912 
1045 3.768151 
1046 3.814218 
1047 4.035312 
1048 3.557481 
1049 3.558628 
1050 3.645740 
1051 3.836218 
1052 3.789250 
1053 3.447881 
1054 3.594579 
1055 3.906192 
1056 3.490234 
1057 3.823654 
1058 3.604579 
1059 3.518063 
1060 3.985197 
1061 3.422812 
1062 3.848333 
1063 3.941149 
1064 3.859717 
1065 3.872057 
1066 4.074890 
1067 3.788429 
1068 3.699999 
1069 3.686943 
1070 3.496620 
1071 3.768172 
1072 3.735480 
1073 3.626447 
1074 3.816838 
1075 3.886892 
1076 3.508272 
1077 4.155539 
1078 3.844472 
1079 4.132895 
1080 3.613106 
1081 3.822842 
1082 3.907116 
1083 3.621525 
1084 4.019900 
1085 3.754712 
1086 3.933988 
1087 3.516757 
1088 3.450062 
1089 3.703738 
1090 3.784516 
1091 3.505695 
1092 3.379241 
1093 3.558121 
1094 3.778991 
1095 3.745695 
1096 3.929422 
1097 3.954192 
1098 3.849017 
1099 3.707788 
1100 3.586024 
1101 3.371343 
1102 3.608645 
1103 3.659280 
1104 3.637061 
1105 3.838862 
1106 3.552606 
1107 3.691839 
1108 3.625494 
1109 3.820209 
1110 3.583968 
1111 3.811876 
1112 3.962845 
1113 3.616365 
1114 3.560580 
1115 3.384099 
1116 3.666896 
1117 3.455291 
1118 3.758731 
1119 3.721486 
1120 3.332308 
1121 3.398968 
1122 3.462528 
1123 3.437754 
1124 3.533241 
1125 3.849422 
1126 3.619024 
1127 3.784322 
1128 3.725876 
1129 3.340592 
1130 3.420887 
1131 3.539366 
1132 3.451906 
1133 3.673170 
1134 3.615646 
1135 3.417687 
1136 3.803138 
1137 3.437732 
1138 3.726175 
1139 3.595435 
1140 3.641933 
1141 4.346966 
1142 3.817941 
1143 3.647893 
1144 3.825817 
1145 3.447605 
1146 3.889081 
1147 3.718013 
1148 3.781297 
1149 4.024026 
1150 3.976411 
1151 3.849153 
1152 3.670148 
1153 3.790605 
1154 3.798636 
1155 3.494760 
1156 3.738685 
1157 3.519303 
1158 3.855580 
1159 3.336490 
1160 3.368034 
1161 3.342688 
1162 3.321038 
1163 3.916621 
1164 3.669982 
1165 3.680441 
1166 3.729423 
1167 3.817482 
1168 3.896670 
1169 3.324875 
1170 3.771488 
1171 3.564290 
1172 3.560964 
1173 3.679316 
1174 3.686812 
1175 3.394253 
1176 3.584933 
1177 3.730228 
1178 3.518593 
1179 3.492589 
1180 3.362736 
1181 3.814448 
1182 3.745051 
1183 3.655154 
1184 3.538757 
1185 3.590275 
1186 3.888504 
1187 4.050842 
1188 3.960964 
1189 4.239274 
1190 3.497714 
1191 3.604564 
1192 3.657947 
1193 3.645938 
1194 3.882727 
1195 3.548821 
1196 3.926653 
1197 3.757698 
1198 3.853218 
1199 3.706830 
1200 3.609415 
1201 3.496785 
1202 3.850244 
1203 3.565400 
1204 3.595449 
1205 4.079376 
1206 3.989679 
1207 3.957292 
1208 4.146915 
1209 4.041054 
1210 3.667796 
1211 3.749119 
1212 3.861800 
1213 3.508209 
1214 3.887592 
1215 3.817618 
1216 3.656533 
1217 3.800746 
1218 3.856479 
1219 3.809387 
1220 3.665437 
1221 3.750123 
1222 3.989331 
1223 3.804218 
1224 4.063985 
1225 3.742589 
1226 3.820788 
1227 4.031285 
1228 3.882827 
1229 3.803967 
1230 3.434076 
1231 3.399816 
1232 3.804217 
1233 3.837929 
1234 3.500949 
1235 3.741864 
1236 3.664356 
1237 3.569944 
1238 3.745391 
1239 3.780617 
1240 3.811417 
1241 3.805243 
1242 4.148711 
1243 3.558040 
1244 3.299958 
1245 3.840867 
1246 3.638431 
1247 3.364910 
1248 3.727865 
1249 3.537575 
1250 4.065359 
1251 3.517540 
1252 3.640436 
1253 3.385275 
1254 3.657752 
1255 3.533150 
1256 3.727133 
1257 3.769888 
1258 3.603449 
1259 3.537204 
1260 3.726574 
1261 3.752629 
1262 3.880406 
1263 3.638886 
1264 3.684541 
1265 3.706774 
1266 3.574522 
1267 3.653859 
1268 3.697263 
1269 3.882836 
1270 3.559000 
1271 3.584766 
1272 3.863790 
1273 3.410030 
1274 3.570648 
1275 3.836592 
1276 3.808713 
1277 3.631921 
1278 3.671211 
1279 3.594357 
1280 3.967610 
1281 3.848238 
1282 3.635882 
1283 3.550774 
1284 3.919010 
1285 3.581650 
1286 3.846423 
1287 3.558929 
1288 3.553212 
1289 3.521572 
1290 3.675398 
1291 3.675098 
1292 4.074432 
1293 3.542177 
1294 3.890957 
1295 3.748618 
1296 3.540676 
1297 3.876957 
1298 3.565916 
1299 3.616584 
1300 3.898093 
1301 3.456318 
1302 3.853295 
1303 3.435343 
1304 3.846183 
1305 3.537574 
1306 3.419650 
1307 3.496741 
1308 3.611657 
1309 3.378347 
1310 3.461839 
1311 3.879030 
1312 3.291018 
1313 3.278311 
1314 3.525241 
1315 3.594477 
1316 3.605413 
1317 3.798678 
1318 3.516224 
1319 3.206804 
1320 3.692751 
1321 3.565499 
1322 3.901210 
1323 3.764842 
1324 3.614205 
1325 3.284044 
1326 3.404364 
1327 3.695386 
1328 3.513243 
1329 3.339679 
1330 3.933276 
1331 3.478256 
1332 3.591096 
1333 3.611905 
1334 3.620831 
1335 3.423924 
1336 3.640691 
1337 3.756838 
1338 3.796020 
1339 3.590043 
1340 3.584990 
1341 3.275826 
1342 3.918052 
1343 3.634665 
1344 3.429085 
1345 4.138870 
1346 3.614331 
1347 3.929316 
1348 3.664987 
1349 3.592874 
1350 3.640776 
1351 3.365600 
1352 3.837068 
1353 3.753893 
1354 3.695283 
1355 3.670574 
1356 3.696597 
1357 3.962655 
1358 3.576595 
1359 3.732810 
1360 3.582771 
1361 3.479602 
1362 3.484527 
1363 3.928874 
1364 3.415719 
1365 3.619039 
1366 3.959253 
1367 4.042047 
1368 3.720746 
1369 3.575416 
1370 3.676675 
1371 3.855662 
1372 3.799791 
1373 3.481396 
1374 3.596314 
1375 3.778406 
1376 3.728073 
1377 4.146960 
1378 3.882285 
1379 3.892114 
1380 3.615334 
1381 3.890500 
1382 3.650196 
1383 3.636709 
1384 3.775749 
1385 3.774445 
1386 3.585641 
1387 3.504380 
1388 3.824766 
1389 3.610174 
1390 3.467789 
1391 3.397901 
1392 3.647871 
1393 3.467245 
1394 3.837475 
1395 3.666619 
1396 3.545019 
1397 4.137723 
1398 3.648074 
1399 3.611742 
1400 3.844207 
1401 3.612255 
1402 3.654373 
1403 3.530327 
1404 3.733075 
1405 3.764916 
1406 3.722977 
1407 3.463821 
1408 3.663554 
1409 3.596919 
1410 3.672355 
1411 3.455317 
1412 3.599569 
1413 3.780975 
1414 4.093730 
1415 3.481673 
1416 3.414412 
1417 3.529826 
1418 3.815982 
1419 3.538071 
1420 3.747339 
1421 3.746152 
1422 3.603240 
1423 3.991586 
1424 3.780006 
1425 3.649573 
1426 3.784378 
1427 3.793712 
1428 3.910313 
1429 4.084291 
1430 3.868283 
1431 3.785486 
1432 3.897525 
1433 3.371317 
1434 3.807353 
1435 3.658072 
1436 3.764934 
1437 3.967902 
1438 3.635937 
1439 4.225728 
1440 3.789012 
1441 3.363050 
1442 3.480694 
1443 3.691309 
1444 3.605870 
1445 3.454478 
1446 4.209472 
1447 4.079687 
1448 4.062622 
1449 3.822191 
1450 4.109540 
1451 3.971123 
1452 3.814606 
1453 3.831424 
1454 4.106975 
1455 3.666069 
1456 4.300416 
1457 3.799794 
1458 3.609810 
1459 3.894727 
1460 3.506880 
1461 3.297375 
1462 3.976757 
1463 3.804884 
1464 3.505270 
1465 3.515953 
1466 3.805871 
1467 3.634280 
1468 3.367646 
1469 3.502649 
1470 3.598297 
1471 4.096158 
1472 3.444136 
1473 3.480939 
1474 3.944777 
1475 4.010571 
1476 4.090961 
1477 3.929206 
1478 4.061409 
1479 3.747457 
1480 3.521897 
1481 3.806308 
1482 3.672960 
1483 3.896864 
1484 3.912555 
1485 3.391048 
1486 3.434930 
1487 3.812750 
1488 3.591192 
1489 3.305983 
1490 3.486563 
1491 3.749501 
1492 3.828730 
1493 3.421439 
1494 3.985059 
1495 3.517015 
1496 4.262464 
1497 3.751325 
1498 3.763113 
1499 3.916130 
1500 4.110079 
1501 3.845577 
1502 3.378892 
1503 3.363666 
1504 3.498965 
1505 3.696675 
1506 3.400790 
1507 3.419570 
1508 3.672010 
1509 3.524685 
1510 3.714554 
1511 3.616935 
1512 3.658905 
1513 3.773156 
1514 3.871357 
1515 3.920137 
1516 3.501649 
1517 3.839759 
1518 3.834401 
1519 3.899239 
1520 3.581411 
1521 3.537675 
1522 3.550910 
1523 3.484157 
1524 3.256669 
1525 3.482409 
1526 3.621047 
1527 3.560816 
1528 3.695559 
1529 3.727135 
1530 3.643010 
1531 3.820364 
1532 4.050076 
1533 3.709990 
1534 3.631073 
1535 3.703558 
1536 3.348344 
1537 4.013114 
1538 3.826598 
1539 3.525576 
1540 3.453916 
1541 3.538902 
1542 3.768688 
1543 3.885259 
1544 3.626460 
1545 3.706154 
1546 3.526885 
1547 3.340293 
1548 3.705738 
1549 3.636367 
1550 3.702438 
1551 3.691514 
1552 3.454649 
1553 3.552818 
1554 3.919708 
1555 3.642306 
1556 3.685222 
1557 3.643235 
1558 3.312473 
1559 3.406254 
1560 4.046105 
1561 3.481611 
1562 3.834467 
1563 3.786102 
1564 3.556463 
1565 4.127157 
1566 4.036056 
1567 3.747658 
1568 3.709908 
1569 3.466790 
1570 3.494095 
1571 3.454766 
1572 3.728765 
1573 3.503169 
1574 3.499615 
1575 3.583230 
1576 3.459766 
1577 3.580044 
1578 3.942419 
1579 3.862197 
1580 3.436572 
1581 3.919327 
1582 3.557064 
1583 3.778518 
1584 3.796237 
1585 3.488418 
1586 3.766665 
1587 3.718997 
1588 3.544446 
1589 3.421915 
1590 4.012056 
1591 3.455612 
1592 3.618711 
1593 3.711604 
1594 3.755174 
1595 3.770159 
1596 3.608841 
1597 3.758818 
1598 3.747344 
1599 3.476793 
1600 3.561956 
1601 3.498820 
1602 3.697644 
1603 3.959054 
1604 3.721993 
1605 3.605215 
1606 3.812297 
1607 4.109347 
1608 3.760088 
1609 3.960569 
1610 3.718037 
1611 3.731190 
1612 3.696168 
1613 3.978605 
1614 3.358720 
1615 3.977346 
1616 4.182740 
1617 3.653798 
1618 3.529496 
1619 3.395855 
1620 3.806144 
1621 3.559906 
1622 3.621184 
1623 3.479172 
1624 3.576586 
1625 3.683186 
1626 3.765451 
1627 4.028475 
1628 3.440840 
1629 3.569321 
1630 3.685604 
1631 3.998409 
1632 3.513770 
1633 4.058052 
1634 3.666488 
1635 3.524022 
1636 4.070755 
1637 3.565250 
1638 3.755520 
1639 3.842091 
1640 3.599272 
1641 3.548542 
1642 3.394040 
1643 3.537827 
1644 3.805472 
1645 3.830848 
1646 3.771743 
1647 3.726501 
1648 3.625005 
1649 3.530965 
1650 3.716932 
1651 3.772841 
1652 3.504295 
1653 3.462606 
1654 4.192198 
1655 3.577138 
1656 3.623248 
1657 3.633247 
1658 3.727177 
1659 3.783990 
1660 3.588561 
1661 3.871768 
1662 4.148848 
1663 3.498042 
1664 3.616203 
1665 3.802887 
1666 3.449164 
1667 3.625794 
1668 3.621155 
1669 3.399366 
1670 3.542078 
1671 3.618942 
1672 3.888350 
1673 3.562932 
1674 3.750110 
1675 3.648031 
1676 3.526199 
1677 3.614759 
1678 3.915482 
1679 3.807171 
1680 3.845708 
1681 3.539732 
1682 3.451356 
1683 4.171471 
1684 3.723272 
1685 3.854695 
1686 3.773112 
1687 3.419346 
1688 3.359073 
1689 3.601858 
1690 3.791097 
1691 3.586044 
1692 3.642948 
1693 4.107634 
1694 3.556945 
1695 3.682878 
1696 3.477800 
1697 3.387933 
1698 3.623093 
1699 3.563539 
1700 3.572653 
1701 3.885603 
1702 3.470016 
1703 3.490124 
1704 3.503009 
1705 3.771220 
1706 3.447562 
1707 3.537273 
1708 3.368776 
1709 3.777336 
1710 3.559118 
1711 3.352680 
1712 3.364232 
1713 3.631815 
1714 3.491554 
1715 3.979212 
1716 3.760255 
1717 3.668996 
1718 3.518737 
1719 3.514609 
1720 3.812309 
1721 3.744435 
1722 3.793530 
1723 3.771101 
1724 3.991964 
1725 3.556611 
1726 3.741054 
1727 3.358542 
1728 3.566391 
1729 3.266889 
1730 3.701260 
1731 3.651758 
1732 3.570482 
1733 3.577502 
1734 3.826340 
1735 3.392673 
1736 3.586007 
1737 3.489189 
1738 3.828176 
1739 3.687558 
1740 3.608395 
1741 3.427047 
1742 3.640833 
1743 3.422507 
1744 3.370283 
1745 3.757653 
1746 3.914703 
1747 3.549510 
1748 3.589797 
1749 3.949621 
1750 4.164047 
1751 3.564271 
1752 3.640865 
1753 3.758375 
1754 3.964776 
1755 3.542778 
1756 3.811901 
1757 4.005263 
1758 3.524265 
1759 3.582824 
1760 3.852377 
1761 3.340423 
1762 3.597168 
1763 3.423808 
1764 3.633864 
1765 3.277388 
1766 3.482436 
1767 3.873214 
1768 3.814447 
1769 4.106095 
1770 3.686607 
1771 3.511960 
1772 3.978659 
1773 3.595264 
1774 3.571093 
1775 3.357935 
1776 3.673338 
1777 3.641681 
1778 3.565360 
1779 3.447616 
1780 3.982840 
1781 3.651923 
1782 3.680949 
1783 3.706711 
1784 3.848368 
1785 3.825124 
1786 3.484223 
1787 3.491147 
1788 4.002920 
1789 3.538868 
1790 3.554494 
1791 3.728258 
1792 3.667830 
1793 3.474291 
1794 4.050803 
1795 4.196958 
1796 3.447255 
1797 3.845178 
1798 4.065163 
1799 3.494430 
1800 3.640383 
1801 3.356965 
1802 3.566423 
1803 3.968140 
1804 3.773682 
1805 3.456465 
1806 3.631150 
1807 3.558380 
1808 3.548813 
1809 3.684659 
1810 3.817475 
1811 3.739381 
1812 3.564844 
1813 3.470725 
1814 3.551420 
1815 3.411814 
1816 3.581064 
1817 3.543381 
1818 4.219899 
1819 3.509293 
1820 3.537020 
1821 3.755317 
1822 3.918051 
1823 3.391330 
1824 3.805303 
1825 3.792460 
1826 3.485319 
1827 3.818031 
1828 3.550049 
1829 3.398754 
1830 3.913296 
1831 3.594716 
1832 3.798157 
1833 3.687384 
1834 3.897658 
1835 3.583504 
1836 3.582194 
1837 3.386272 
1838 3.660561 
1839 3.602171 
1840 3.623613 
1841 3.624387 
1842 3.706837 
1843 3.570182 
1844 3.343703 
1845 3.653213 
1846 3.699808 
1847 3.640983 
1848 3.517455 
1849 3.500209 
1850 3.543542 
1851 3.379303 
1852 3.855392 
1853 3.724549 
1854 3.961265 
1855 3.684706 
1856 3.753581 
1857 3.851934 
1858 3.529572 
1859 3.485189 
1860 3.595242 
1861 3.505149 
1862 3.772985 
1863 3.606785 
1864 3.449473 
1865 3.662561 
1866 3.620566 
1867 3.544660 
1868 3.732627 
1869 4.065662 
1870 3.585063 
1871 3.815731 
1872 3.798005 
1873 3.498524 
1874 3.639755 
1875 3.959128 
1876 3.714469 
1877 3.648298 
1878 3.760573 
1879 3.426804 
1880 3.403616 
1881 3.824280 
1882 3.809548 
1883 3.743679 
1884 3.650015 
1885 3.444012 
1886 3.839619 
1887 3.467573 
1888 3.428743 
1889 3.714475 
1890 3.542140 
1891 3.637149 
1892 3.496819 
1893 3.564383 
1894 3.175500 
1895 3.799823 
1896 3.760767 
1897 3.827838 
1898 3.739299 
1899 3.572888 
1900 3.848844 
1901 3.523188 
1902 3.818206 
1903 3.860157 
1904 3.458086 
1905 3.820138 
1906 3.830084 
1907 3.583083 
1908 3.728131 
1909 3.654511 
1910 3.544844 
1911 3.553633 
1912 3.894375 
1913 3.588917 
1914 3.483705 
1915 3.296368 
1916 3.546634 
1917 3.774840 
1918 3.660707 
1919 3.416825 
1920 3.690197 
1921 3.468811 
1922 4.176469 
1923 3.765858 
1924 3.517447 
1925 3.814264 
1926 3.962440 
1927 3.547451 
1928 3.898321 
1929 3.653036 
1930 3.593682 
1931 3.529053 
1932 3.505377 
1933 3.919591 
1934 3.577627 
1935 3.668689 
1936 3.409915 
1937 3.507425 
1938 3.740261 
1939 3.302896 
1940 3.892426 
1941 3.748871 
1942 3.667040 
1943 3.763607 
1944 3.608263 
1945 3.894632 
1946 3.951362 
1947 3.400309 
1948 4.431695 
1949 3.452534 
1950 3.667587 
1951 3.782981 
1952 3.632272 
1953 3.461807 
1954 3.949573 
1955 3.559325 
1956 3.469512 
1957 3.533745 
1958 3.764811 
1959 3.405407 
1960 3.824475 
1961 3.617779 
1962 3.818277 
1963 3.705231 
1964 3.542583 
1965 3.449995 
1966 3.545921 
1967 3.512283 
1968 3.725849 
1969 3.389161 
1970 3.823124 
1971 3.955540 
1972 3.535168 
1973 3.929401 
1974 3.717891 
1975 3.510101 
1976 3.403533 
1977 3.550509 
1978 3.767877 
1979 3.458403 
1980 3.806681 
1981 3.738577 
1982 3.727382 
1983 3.493948 
1984 3.428819 
1985 3.314980 
1986 3.395254 
1987 4.117811 
1988 4.049135 
1989 3.765411 
1990 3.689012 
1991 3.812100 
1992 3.698952 
1993 3.704161 
1994 3.451907 
1995 3.666119 
1996 3.743235 
1997 3.618168 
1998 3.505877 
1999 3.571675 
2000 3.461987 
2001 3.631697 
2002 3.643712 
2003 3.718626 
2004 3.404540 
2005 3.700294 
2006 3.281224 
2007 3.762388 
2008 3.665521 
2009 3.672015 
2010 3.468595 
2011 3.660706 
2012 3.291018 
2013 3.639755 
2014 3.603828 
2015 3.383654 
2016 3.907252 
2017 3.635076 
2018 3.605297 
2019 3.384576 
2020 3.655420 
2021 3.525947 
2022 3.603212 
2023 3.687997 
2024 3.570023 
2025 3.694252 
2026 3.731884 
2027 3.601651 
2028 3.314502 
2029 3.501454 
2030 3.501656 
2031 3.581954 
2032 3.594831 
2033 3.362627 
2034 3.356171 
2035 3.951535 
2036 3.761544 
2037 3.706728 
2038 3.545254 
2039 3.710130 
2040 3.683040 
2041 3.635691 
2042 3.373074 
2043 3.551888 
2044 3.712291 
2045 3.638247 
2046 3.342180 
2047 3.528598 
2048 3.708370 
2049 3.860056 
2050 3.687733 
2051 3.549577 
2052 3.655709 
2053 3.776788 
2054 3.641606 
2055 3.443242 
2056 3.503989 
2057 3.707324 
2058 3.224684 
2059 3.539216 
2060 3.385458 
2061 3.409990 
2062 3.851516 
2063 3.678675 
2064 3.632602 
2065 3.734147 
2066 3.745893 
2067 4.270764 
2068 3.700451 
2069 3.624487 
2070 3.835211 
2071 3.507415 
2072 3.483835 
2073 3.690382 
2074 3.642824 
2075 3.745410 
2076 3.529438 
2077 3.879188 
2078 3.538699 
2079 3.536394 
2080 3.392803 
2081 3.819047 
2082 3.364885 
2083 3.442536 
2084 3.532419 
2085 3.423105 
2086 3.263250 
2087 3.432435 
2088 3.497244 
2089 3.699880 
2090 3.507144 
2091 3.632329 
2092 3.599023 
2093 3.790321 
2094 3.680119 
2095 3.403583 
2096 3.727253 
2097 3.572254 
2098 3.944582 
2099 3.987532 
2100 3.749572 
2101 3.260443 
2102 3.395085 
2103 3.358583 
2104 3.742105 
2105 3.370414 
2106 3.487527 
2107 3.487222 
2108 3.685882 
2109 3.655190 
2110 3.546994 
2111 4.177868 
2112 3.816719 
2113 3.397554 
2114 3.530890 
2115 3.613431 
2116 3.452818 
2117 3.653155 
2118 4.051470 
2119 3.857036 
2120 3.369095 
2121 3.592642 
2122 3.601902 
2123 3.648968 
2124 3.479334 
2125 3.791846 
2126 3.464139 
2127 3.458882 
2128 4.063042 
2129 3.728750 
2130 3.619101 
2131 3.523049 
2132 3.298796 
2133 3.630511 
2134 3.696799 
2135 3.590766 
2136 3.832902 
2137 3.699706 
2138 3.392533 
2139 3.896378 
2140 3.846554 
2141 3.637329 
2142 3.506974 
2143 3.555086 
2144 3.754859 
2145 3.722279 
2146 3.448515 
2147 3.622621 
2148 3.501859 
2149 3.957407 
2150 3.472042 
2151 3.537876 
2152 3.529807 
2153 3.733888 
2154 3.681188 
2155 3.470915 
2156 3.724045 
2157 3.964782 
2158 3.806849 
2159 4.035536 
2160 3.709108 
2161 3.519049 
2162 3.308642 
2163 3.491638 
2164 3.985323 
2165 3.523908 
2166 3.717085 
2167 3.512916 
2168 3.828165 
2169 3.856415 
2170 3.514348 
2171 3.379960 
2172 3.720653 
2173 3.555835 
2174 3.506001 
2175 3.677656 
2176 3.412085 
2177 3.428495 
2178 3.820163 
2179 3.719802 
2180 3.316595 
2181 3.667818 
2182 3.886215 
2183 4.021883 
2184 3.738312 
2185 3.557688 
2186 3.603862 
2187 3.679436 
2188 3.575715 
2189 3.554780 
2190 3.722823 
2191 3.440728 
2192 3.526503 
2193 3.198851 
2194 3.528586 
2195 3.224321 
2196 3.592744 
2197 3.634673 
2198 3.947353 
2199 3.419668 
2200 3.805012 
2201 3.396873 
2202 3.722408 
2203 3.411054 
2204 3.245592 
2205 3.410864 
2206 3.537437 
2207 3.453378 
2208 3.577705 
2209 3.450483 
2210 3.448572 
2211 3.632236 
2212 3.476014 
2213 3.648864 
2214 3.560506 
2215 3.898369 
2216 3.637926 
2217 3.853152 
2218 3.905972 
2219 3.841392 
2220 3.868660 
2221 3.605866 
2222 3.652973 
2223 3.234200 
2224 3.420237 
2225 3.246541 
2226 3.955735 
2227 3.253428 
2228 3.603306 
2229 3.721487 
2230 3.296964 
2231 3.315503 
2232 3.207402 
2233 3.263480 
2234 3.714949 
2235 3.688839 
2236 3.451822 
2237 3.557297 
2238 3.567516 
2239 3.380305 
2240 3.728102 
2241 3.591504 
2242 3.413362 
2243 3.427898 
2244 3.370802 
2245 4.080145 
2246 3.809354 
2247 3.359044 
2248 3.549865 
2249 3.806109 
2250 3.500304 
2251 3.600169 
2252 3.465589 
2253 3.298115 
2254 3.244213 
2255 3.653554 
2256 3.513921 
2257 3.949569 
2258 4.047815 
2259 3.701887 
2260 3.516667 
2261 3.582585 
2262 3.620357 
2263 3.515138 
2264 3.403719 
2265 3.494573 
2266 3.466899 
2267 3.838212 
2268 3.716984 
2269 3.258995 
2270 3.601926 
2271 3.794335 
2272 3.766291 
2273 3.757584 
2274 3.689180 
2275 3.604888 
2276 3.732528 
2277 3.479884 
2278 3.721319 
2279 3.863863 
2280 3.528100 
2281 3.401998 
2282 4.060946 
2283 3.830862 
2284 3.387953 
2285 3.642480 
2286 3.398342 
2287 3.438436 
2288 3.664093 
2289 3.163979 
2290 3.412147 
2291 3.501443 
2292 3.737808 
2293 3.654912 
2294 3.491970 
2295 3.501270 
2296 3.381699 
2297 3.592986 
2298 3.635463 
2299 3.755712 
2300 3.741607 
2301 3.457026 
2302 3.751568 
2303 3.618359 
2304 3.530162 
2305 3.763270 
2306 3.612428 
2307 3.753429 
2308 3.376455 
2309 3.327426 
2310 3.426478 
2311 3.455464 
2312 3.417916 
2313 3.198544 
2314 3.502228 
2315 3.443281 
2316 3.324289 
2317 3.802683 
2318 3.419044 
2319 3.604913 
2320 3.595343 
2321 3.428898 
2322 3.667804 
2323 3.466326 
2324 3.662193 
2325 3.675857 
2326 3.643965 
2327 3.710419 
2328 3.840104 
2329 3.724745 
2330 3.691347 
2331 3.493829 
2332 3.687496 
2333 3.400281 
2334 3.346234 
2335 3.461791 
2336 3.604285 
2337 4.012734 
2338 3.892378 
2339 3.463188 
2340 3.720413 
2341 3.591612 
2342 4.131484 
2343 3.554168 
2344 3.501123 
2345 3.836769 
2346 3.507758 
2347 3.511150 
2348 3.391028 
2349 3.436753 
2350 3.794515 
2351 3.674978 
2352 3.688614 
2353 3.457222 
2354 3.507893 
2355 3.774241 
2356 3.761878 
2357 3.957127 
2358 3.658709 
2359 3.318285 
2360 3.342686 
2361 3.594111 
2362 3.519103 
2363 3.830044 
2364 3.433360 
2365 3.452466 
2366 3.864656 
2367 3.404947 
2368 3.622939 
2369 3.673217 
2370 3.342833 
2371 3.639607 
2372 3.496524 
2373 3.607031 
2374 4.191244 
2375 3.500078 
2376 3.353881 
2377 3.531583 
2378 3.549514 
2379 3.670900 
2380 3.621435 
2381 3.529429 
2382 3.522758 
2383 3.678177 
2384 3.601446 
2385 3.956225 
2386 3.703677 
2387 3.833487 
2388 3.559525 
2389 3.913862 
2390 3.677135 
2391 3.777793 
2392 3.468683 
2393 3.742728 
2394 3.487565 
2395 3.441992 
2396 3.466931 
2397 3.596319 
2398 3.626776 
2399 3.824606 
2400 3.453875 
2401 3.576611 
2402 3.555755 
2403 3.774431 
2404 3.852874 
2405 3.609742 
2406 3.449475 
2407 3.526036 
2408 3.682459 
2409 3.686108 
2410 4.015738 
2411 3.817014 
2412 3.812880 
2413 3.939268 
2414 3.488584 
2415 3.524094 
2416 3.420695 
2417 3.817721 
2418 3.605821 
2419 3.635307 
2420 4.042739 
2421 3.512731 
2422 3.711750 
2423 3.815144 
2424 3.611377 
2425 3.862366 
2426 3.276609 
2427 3.482462 
2428 3.513902 
2429 3.682048 
2430 3.551661 
2431 3.458941 
2432 3.710034 
2433 3.361068 
2434 3.708667 
2435 3.616632 
2436 3.485249 
2437 4.081306 
2438 3.621454 
2439 3.670241 
2440 3.718102 
2441 3.709196 
2442 3.336732 
2443 3.437337 
2444 3.729682 
2445 3.436883 
2446 3.624964 
2447 3.339613 
2448 3.595849 
2449 3.420186 
2450 3.665914 
2451 3.534214 
2452 3.405153 
2453 3.625564 
2454 3.501775 
2455 3.502980 
2456 3.595389 
2457 3.496681 
2458 3.434684 
2459 3.411537 
2460 3.434959 
2461 3.239534 
2462 3.682225 
2463 3.521563 
2464 3.635606 
2465 3.540013 
2466 3.573276 
2467 3.436715 
2468 3.652233 
2469 3.752099 
2470 3.538726 
2471 3.579475 
2472 3.643765 
2473 3.795803 
2474 3.508782 
2475 3.293705 
2476 3.739491 
2477 3.551480 
2478 3.372697 
2479 3.593757 
2480 3.331097 
2481 3.430822 
2482 3.353258 
2483 3.582749 
2484 3.677881 
2485 3.635954 
2486 3.650598 
2487 3.611343 
2488 3.347780 
2489 3.376444 
2490 3.489642 
2491 3.440268 
2492 3.534344 
2493 3.429577 
2494 3.380038 
2495 3.602019 
2496 3.704227 
2497 3.830866 
2498 3.466739 
2499 3.440463 
2500 3.428882 
2501 3.830968 
2502 3.560865 
2503 3.349379 
2504 3.489697 
2505 3.778693 
2506 3.394890 
2507 3.399801 
2508 3.390660 
2509 3.721130 
2510 3.253960 
2511 3.596046 
2512 3.642893 
2513 3.547658 
2514 3.718195 
2515 3.622686 
2516 3.842082 
2517 3.770736 
2518 3.244928 
2519 3.737687 
2520 3.535565 
2521 3.637262 
2522 3.718861 
2523 3.997442 
2524 3.685487 
2525 3.360574 
2526 3.528308 
2527 3.829637 
2528 3.734265 
2529 3.476196 
2530 3.654380 
2531 3.443598 
2532 3.595999 
2533 3.723887 
2534 3.751009 
2535 3.258060 
2536 3.578681 
2537 3.726693 
2538 3.679908 
2539 3.386019 
2540 3.668275 
2541 3.544043 
2542 3.618281 
2543 3.696859 
2544 3.431360 
2545 3.812042 
2546 3.504808 
2547 3.577115 
2548 3.511805 
2549 3.714200 
2550 3.366805 
2551 3.609811 
2552 3.637661 
2553 3.573387 
2554 3.492784 
2555 3.402131 
2556 3.609540 
2557 3.545873 
2558 3.482148 
2559 3.399402 
2560 3.524351 
2561 3.731611 
2562 3.622522 
2563 3.246920 
2564 3.100355 
2565 3.727774 
2566 3.757625 
2567 3.372826 
2568 3.732416 
2569 3.488093 
2570 3.595989 
2571 3.542940 
2572 3.271430 
2573 3.447639 
2574 3.537279 
2575 3.278785 
2576 3.563881 
2577 3.603543 
2578 3.933223 
2579 3.543350 
2580 3.434819 
2581 3.580195 
2582 3.676633 
2583 3.603459 
2584 3.322579 
2585 3.311681 
2586 3.533920 
2587 3.693882 
2588 3.429193 
2589 3.668445 
2590 3.474340 
2591 3.787092 
2592 3.383053 
2593 3.569789 
2594 3.695745 
2595 3.678528 
2596 3.704677 
2597 3.580583 
2598 3.565882 
2599 3.637109 
2600 3.724574 
2601 3.508030 
2602 3.655150 
2603 3.858495 
2604 3.505462 
2605 3.562906 
2606 3.549257 
2607 3.590442 
2608 3.598634 
2609 3.603773 
2610 3.325690 
2611 3.479549 
2612 3.712114 
2613 3.546574 
2614 3.675406 
2615 4.023482 
2616 3.448830 
2617 3.702129 
2618 3.345636 
2619 3.379117 
2620 3.733309 
2621 3.488332 
2622 3.600030 
2623 3.905055 
2624 3.358992 
2625 3.873486 
2626 3.353295 
2627 3.335122 
2628 3.833683 
2629 3.580065 
2630 3.641020 
2631 3.878478 
2632 3.826058 
2633 4.017794 
2634 3.794547 
2635 3.300287 
2636 3.654711 
2637 3.635877 
2638 3.860796 
2639 3.749659 
2640 3.667999 
2641 3.656958 
2642 3.675074 
2643 3.507090 
2644 3.588825 
2645 4.031833 
2646 3.821656 
2647 3.595715 
2648 3.547190 
2649 3.482010 
2650 3.674267 
2651 3.385712 
2652 3.863603 
2653 3.458076 
2654 3.733803 
2655 3.550392 
2656 3.542647 
2657 3.468334 
2658 3.684792 
2659 3.420712 
2660 3.673882 
2661 3.567220 
2662 3.557671 
2663 3.596513 
2664 3.289432 
2665 3.599900 
2666 3.670726 
2667 3.576761 
2668 3.668129 
2669 3.443264 
2670 3.537419 
2671 3.550314 
2672 3.768396 
2673 3.912108 
2674 3.821723 
2675 3.792765 
2676 3.581409 
2677 3.807626 
2678 3.803800 
2679 3.769999 
2680 4.241001 
2681 3.758596 
2682 3.600492 
2683 3.724444 
2684 3.529645 
2685 3.465181 
2686 3.567041 
2687 3.546873 
2688 3.491574 
2689 3.435084 
2690 3.505983 
2691 3.601151 
2692 3.642893 
2693 3.795862 
2694 3.813649 
2695 3.673019 
2696 3.682230 
2697 3.534492 
2698 3.613168 
2699 3.641918 
2700 3.594817 
2701 3.708904 
2702 3.471256 
2703 3.497860 
2704 3.629258 
2705 3.626838 
2706 3.741440 
2707 3.590603 
2708 3.669574 
2709 3.403383 
2710 3.395880 
2711 3.535448 
2712 3.898094 
2713 3.504690 
2714 3.665895 
2715 3.356277 
2716 3.543105 
2717 3.758707 
2718 3.491931 
2719 3.487470 
2720 3.414078 
2721 3.645470 
2722 3.598679 
2723 3.728451 
2724 3.496885 
2725 3.594340 
2726 3.436228 
2727 3.688831 
2728 3.399719 
2729 3.357797 
2730 3.576357 
2731 3.433156 
2732 3.361715 
2733 3.606346 
2734 3.754713 
2735 3.539157 
2736 3.795300 
2737 3.962148 
2738 3.636857 
2739 3.443388 
2740 3.748138 
2741 3.377008 
2742 3.454334 
2743 3.429775 
2744 3.907121 
2745 3.700810 
2746 3.613457 
2747 3.812654 
2748 3.652236 
2749 3.428538 
2750 3.596659 
2751 3.380610 
2752 3.538036 
2753 3.614220 
2754 3.474075 
2755 3.607238 
2756 3.545083 
2757 3.916291 
2758 3.511577 
2759 3.336477 
2760 3.493124 
2761 3.405005 
2762 3.515356 
2763 3.758563 
2764 3.339641 
2765 3.745071 
2766 3.863743 
2767 3.385345 
2768 3.427732 
2769 3.661042 
2770 3.828199 
2771 3.684248 
2772 3.507902 
2773 3.585792 
2774 3.791699 
2775 3.895029 
2776 3.770306 
2777 3.957268 
2778 3.543471 
2779 3.713619 
2780 3.616543 
2781 3.474073 
2782 3.523216 
2783 3.902621 
2784 3.541423 
2785 3.643185 
2786 4.054541 
2787 3.497443 
2788 3.747046 
2789 3.331420 
2790 3.551655 
2791 3.414284 
2792 3.356950 
2793 3.544851 
2794 3.799789 
2795 3.782362 
2796 3.567160 
2797 3.393831 
2798 3.319815 
2799 3.511236 
2800 3.553474 
2801 3.481833 
2802 3.939477 
2803 3.668697 
2804 3.688126 
2805 3.957335 
2806 3.798969 
2807 3.463804 
2808 3.424888 
2809 3.574960 
2810 3.378193 
2811 3.573130 
2812 3.680993 
2813 3.511845 
2814 3.539051 
2815 3.652934 
2816 3.435499 
2817 3.751092 
2818 3.715231 
2819 3.368750 
2820 3.987439 
2821 4.096145 
2822 3.690046 
2823 3.694367 
2824 3.771143 
2825 3.904461 
2826 3.414775 
2827 3.611840 
2828 3.735404 
2829 3.726482 
2830 3.861646 
2831 3.964196 
2832 3.906434 
2833 3.806639 
2834 4.045720 
2835 3.809552 
2836 3.660773 
2837 3.412775 
2838 3.698550 
2839 3.468039 
2840 3.695498 
2841 3.770761 
2842 3.517128 
2843 3.613054 
2844 3.506629 
2845 3.708256 
2846 3.468933 
2847 3.797069 
2848 3.632823 
2849 3.557378 
2850 3.443563 
2851 3.473416 
2852 3.528406 
2853 3.562152 
2854 3.660298 
2855 3.604707 
2856 3.790747 
2857 3.514201 
2858 3.591675 
2859 3.763725 
2860 3.668850 
2861 3.620070 
2862 3.523088 
2863 3.870426 
2864 3.291687 
2865 3.798649 
2866 3.443192 
2867 3.494745 
2868 3.580753 
2869 3.511777 
2870 3.488972 
2871 3.763622 
2872 3.564315 
2873 3.829373 
2874 3.396333 
2875 3.526869 
2876 3.727175 
2877 3.466495 
2878 3.611964 
2879 3.668055 
2880 3.624632 
2881 3.515660 
2882 3.935450 
2883 3.591904 
2884 3.295406 
2885 3.899503 
2886 3.741978 
2887 3.693643 
2888 3.742303 
2889 3.555245 
2890 3.502049 
2891 3.720177 
2892 3.507258 
2893 3.621466 
2894 3.464416 
2895 3.762290 
2896 3.615478 
2897 3.423576 
2898 3.844754 
2899 3.466568 
2900 3.674602 
2901 3.679414 
2902 3.691536 
2903 3.313774 
2904 3.342097 
2905 3.747524 
2906 3.643593 
2907 3.374548 
2908 3.516783 
2909 3.756004 
2910 3.608916 
2911 3.889522 
2912 3.822668 
2913 3.731561 
2914 3.669105 
2915 3.662435 
2916 3.734435 
2917 3.786764 
2918 3.357981 
2919 3.304447 
2920 3.607654 
2921 3.818669 
2922 3.508381 
2923 3.671944 
2924 3.345387 
2925 3.455688 
2926 3.618463 
2927 3.609247 
2928 3.646885 
2929 3.967132 
2930 3.957308 
2931 3.628634 
2932 3.532605 
2933 3.875568 
2934 3.626031 
2935 3.744674 
2936 3.662014 
2937 3.887605 
2938 3.595608 
2939 3.616403 
2940 3.586186 
2941 3.637460 
2942 3.768787 
2943 3.887594 
2944 3.558676 
2945 3.775762 
2946 3.713099 
2947 3.794319 
2948 3.399310 
2949 3.766750 
2950 3.392494 
2951 3.863246 
2952 3.430208 
2953 3.804016 
2954 3.511496 
2955 3.614411 
2956 3.481411 
2957 3.450541 
2958 3.538704 
2959 3.844090 
2960 3.348757 
2961 3.634952 
2962 3.450418 
2963 3.639474 
2964 3.748926 
2965 3.627116 
2966 3.535091 
2967 3.718694 
2968 3.592354 
2969 3.520265 
2970 3.464059 
2971 3.735837 
2972 3.794616 
2973 3.759649 
2974 3.744442 
2975 4.158529 
2976 3.428034 
2977 3.597158 
2978 3.696891 
2979 3.589022 
2980 3.391691 
2981 3.506518 
2982 3.645914 
2983 3.480876 
2984 3.752013 
2985 3.621660 
2986 3.811410 
2987 3.358402 
2988 3.587172 
2989 3.815315 
2990 3.591546 
2991 3.609918 
2992 3.253485 
2993 3.562346 
2994 3.282746 
2995 3.481735 
2996 3.637493 
2997 3.347783 
2998 3.516463 
2999 3.736159 
3000 3.491765 
3001 3.978682 
3002 3.550246 
3003 3.543390 
3004 3.789989 
3005 4.103754 
3006 3.560021 
3007 3.494209 
3008 3.385941 
3009 4.314503 
3010 3.422141 
3011 3.271476 
3012 3.662689 
3013 3.406532 
3014 3.774017 
3015 3.662878 
3016 3.629407 
3017 3.506367 
3018 3.484409 
3019 3.555027 
3020 3.550330 
3021 3.684266 
3022 3.665452 
3023 3.776929 
3024 3.510167 
3025 3.414311 
3026 3.471347 
3027 3.554663 
3028 3.628688 
3029 3.609172 
3030 4.332227 
3031 3.742025 
3032 3.734739 
3033 3.537775 
3034 3.577341 
3035 3.495452 
3036 3.596000 
3037 3.840103 
3038 3.583607 
3039 3.581980 
3040 4.168379 
3041 3.630667 
3042 3.507531 
3043 3.716035 
3044 3.917704 
3045 4.036100 
3046 3.764310 
3047 3.605810 
3048 3.689686 
3049 4.043138 
3050 3.725803 
3051 3.428819 
3052 3.485551 
3053 3.806325 
3054 3.624177 
3055 3.558945 
3056 3.749962 
3057 3.606855 
3058 3.425270 
3059 3.630140 
3060 3.560163 
3061 3.819037 
3062 3.982880 
3063 3.663708 
3064 3.792392 
3065 3.633231 
3066 4.257688 
3067 3.786897 
3068 3.675507 
3069 3.493757 
3070 3.397059 
3071 3.413009 
3072 3.424315 
3073 3.650779 
3074 3.776219 
3075 3.539531 
3076 3.925847 
3077 3.865891 
3078 3.615529 
3079 3.289820 
3080 3.890405 
3081 3.451189 
3082 3.574792 
3083 3.560050 
3084 3.607599 
3085 3.803758 
3086 3.615001 
3087 3.558768 
3088 3.393391 
3089 3.680411 
3090 4.222672 
3091 3.497697 
3092 3.700052 
3093 3.568617 
3094 3.565988 
3095 3.555160 
3096 3.602631 
3097 3.328219 
3098 3.681915 
3099 3.604561 
3100 3.555928 
3101 3.437487 
3102 3.731196 
3103 3.549482 
3104 3.401521 
3105 3.451201 
3106 3.816466 
3107 3.356729 
3108 3.374226 
3109 3.731939 
3110 3.434584 
3111 3.394121 
3112 3.766678 
3113 3.593151 
3114 3.162489 
3115 3.269315 
3116 3.402674 
3117 3.098491 
3118 3.749141 
3119 3.668691 
3120 3.704269 
3121 3.582369 
3122 3.490225 
3123 3.413422 
3124 3.765294 
3125 3.614787 
3126 3.570068 
3127 3.654405 
3128 3.771764 
3129 3.765814 
3130 3.590284 
3131 3.693108 
3132 3.643072 
3133 3.694584 
3134 3.403699 
3135 3.700891 
3136 3.479079 
3137 3.737854 
3138 3.943650 
3139 3.808568 
3140 3.641155 
3141 3.699555 
3142 3.826195 
3143 3.681340 
3144 4.063338 
3145 3.777356 
3146 3.506107 
3147 3.644582 
3148 3.525706 
3149 3.409569 
3150 3.544055 
3151 3.355417 
3152 3.719478 
3153 3.474244 
3154 3.425630 
3155 3.372114 
3156 3.724640 
3157 3.592488 
3158 3.839719 
3159 3.763024 
3160 3.715427 
3161 3.661841 
3162 3.732225 
3163 3.467603 
3164 3.663521 
3165 3.450965 
3166 3.415494 
3167 3.930756 
3168 3.633606 
3169 3.577880 
3170 3.651286 
3171 3.825276 
3172 3.696191 
3173 3.552953 
3174 3.386046 
3175 3.699409 
3176 3.556910 
3177 3.464842 
3178 3.574749 
3179 3.502527 
3180 3.501597 
3181 3.641941 
3182 3.614725 
3183 3.715041 
3184 3.735823 
3185 3.731701 
3186 3.550976 
3187 3.596253 
3188 3.628207 
3189 3.494550 
3190 3.688233 
3191 3.437927 
3192 3.828635 
3193 3.561892 
3194 3.616692 
3195 3.254830 
3196 3.367106 
3197 3.464245 
3198 3.540121 
3199 3.252705 
3200 3.626388 
3201 3.517511 
3202 3.721866 
3203 3.514948 
3204 3.349563 
3205 3.489689 
3206 3.717289 
3207 3.543049 
3208 3.217140 
3209 3.845960 
3210 3.467184 
3211 3.869257 
3212 3.647198 
3213 3.295567 
3214 3.538870 
3215 3.700731 
3216 3.525537 
3217 3.822473 
3218 3.825028 
3219 3.531572 
3220 3.657703 
3221 3.745320 
3222 3.687723 
3223 3.509255 
3224 3.559651 
3225 3.598914 
3226 3.320008 
3227 3.780319 
3228 3.604245 
3229 3.484345 
3230 3.385703 
3231 3.816478 
3232 3.814073 
3233 3.335033 
3234 3.223522 
3235 3.162807 
3236 3.853539 
3237 3.563083 
3238 3.731880 
3239 3.882959 
3240 3.802330 
3241 3.453694 
3242 3.388530 
3243 3.790455 
3244 3.652224 
3245 3.723623 
3246 3.748949 
3247 3.766176 
3248 3.416919 
3249 3.439140 
3250 3.614824 
3251 3.441381 
3252 3.663107 
3253 3.628812 
3254 3.596901 
3255 3.522210 
3256 3.560464 
3257 3.620978 
3258 3.591306 
3259 3.463454 
3260 3.677102 
3261 3.480087 
3262 3.585690 
3263 3.810891 
3264 3.947891 
3265 3.815342 
3266 3.678112 
3267 3.599921 
3268 3.458373 
3269 3.706040 
3270 3.395412 
3271 3.334818 
3272 3.666161 
3273 3.326938 
3274 3.600996 
3275 3.518344 
3276 3.566857 
3277 3.731949 
3278 3.445467 
3279 3.406030 
3280 3.642804 
3281 3.694258 
3282 3.574914 
3283 3.654000 
3284 3.371033 
3285 3.410038 
3286 3.274574 
3287 3.538302 
3288 3.727420 
3289 3.314497 
3290 3.624002 
3291 3.562680 
3292 3.733742 
3293 3.874856 
3294 3.750451 
3295 3.824153 
3296 3.566764 
3297 3.639710 
3298 3.566807 
3299 3.413835 
3300 3.505697 
3301 3.661685 
3302 3.330330 
3303 3.496639 
3304 4.047534 
3305 3.706765 
3306 3.529099 
3307 3.788311 
3308 3.644601 
3309 3.623572 
3310 3.542965 
3311 3.447336 
3312 3.761309 
3313 3.516892 
3314 3.506433 
3315 4.077583 
3316 3.854360 
3317 3.876155 
3318 3.219343 
3319 3.599305 
3320 3.588161 
3321 3.932199 
3322 3.927154 
3323 3.434466 
3324 3.668179 
3325 3.641311 
3326 3.601541 
3327 3.408477 
3328 3.404606 
3329 3.634775 
3330 3.627428 
3331 3.411692 
3332 3.502168 
3333 3.747878 
3334 3.532152 
3335 3.627978 
3336 3.638633 
3337 3.660948 
3338 3.714277 
3339 3.714440 
3340 3.693577 
3341 3.643332 
3342 3.573333 
3343 3.576326 
3344 3.794616 
3345 3.392695 
3346 3.621408 
3347 4.037831 
3348 3.675594 
3349 4.146068 
3350 3.669162 
3351 3.976077 
3352 3.485059 
3353 3.465197 
3354 3.332912 
3355 3.706944 
3356 3.570721 
3357 3.839651 
3358 3.683292 
3359 3.476761 
3360 3.512212 
3361 3.961012 
3362 3.309956 
3363 3.410555 
3364 3.370298 
3365 3.223039 
3366 3.390052 
3367 3.573889 
3368 3.603500 
3369 3.468290 
3370 3.888696 
3371 3.235289 
3372 3.578900 
3373 4.049761 
3374 3.387001 
3375 3.698610 
3376 3.663614 
3377 3.534713 
3378 3.412406 
3379 3.715495 
3380 3.774222 
3381 3.781758 
3382 3.730692 
3383 3.544706 
3384 3.880261 
3385 3.331549 
3386 3.949659 
3387 3.709055 
3388 3.402816 
3389 3.606470 
3390 3.420138 
3391 3.517103 
3392 3.476178 
3393 3.510328 
3394 3.384621 
3395 3.671202 
3396 3.564737 
3397 3.432865 
3398 3.623316 
3399 3.486497 
3400 3.406774 
3401 3.635501 
3402 3.364864 
3403 3.816434 
3404 3.625512 
3405 3.438326 
3406 3.522601 
3407 3.563453 
3408 3.747040 
3409 3.319617 
3410 3.555996 
3411 3.752185 
3412 3.663705 
3413 3.295109 
3414 3.588961 
3415 3.431942 
3416 3.547822 
3417 3.579139 
3418 3.731975 
3419 3.775128 
3420 3.598466 
3421 3.391920 
3422 3.588664 
3423 3.494848 
3424 3.681048 
3425 3.523817 
3426 3.513837 
3427 3.364028 
3428 3.843872 
3429 3.431137 
3430 3.571748 
3431 3.661385 
3432 3.746925 
3433 3.601716 
3434 3.535976 
3435 3.619522 
3436 3.366628 
3437 3.322551 
3438 3.967380 
3439 3.640173 
3440 3.683829 
3441 3.796136 
3442 3.475150 
3443 3.445321 
3444 3.927294 
3445 3.590637 
3446 3.782844 
3447 3.539693 
3448 3.567428 
3449 3.649152 
3450 3.618424 
3451 3.465007 
3452 4.083257 
3453 3.579515 
3454 3.684608 
3455 3.731556 
3456 3.596800 
3457 3.625062 
3458 3.578777 
3459 3.502334 
3460 3.390130 
3461 3.430739 
3462 3.783849 
3463 3.397251 
3464 3.568047 
3465 3.935828 
3466 3.670114 
3467 3.669604 
3468 3.570278 
3469 3.866606 
3470 3.509202 
3471 3.523486 
3472 3.991368 
3473 3.752759 
3474 3.581494 
3475 3.409636 
3476 3.526344 
3477 3.804237 
3478 3.552381 
3479 3.239459 
3480 3.369521 
3481 3.590242 
3482 3.594122 
3483 3.932435 
3484 3.632084 
3485 3.612881 
3486 3.560680 
3487 3.414428 
3488 3.559064 
3489 3.423760 
3490 3.617389 
3491 3.572131 
3492 3.351464 
3493 3.526843 
3494 3.912515 
3495 3.600977 
3496 3.487848 
3497 3.600648 
3498 3.398577 
3499 3.365572 
