#! FIELDS D0 file.free der_D0
#! SET min_D0 0.194753
#! SET max_D0 5.36394
#! SET nbins_D0  1464
#! SET periodic_D0 false
    0.194753000  305.138178220   -0.464627231
    0.198286279  305.120287492  -13.851741188
    0.201819558  304.994570924  -66.979529389
    0.205352837  304.532345796 -216.259638945
    0.208886116  303.275092652 -534.232495060
    0.212419394  300.411382549 -1148.914880616
    0.215952673  294.688228163 -2163.759211849
    0.219485952  284.622518328 -3597.957099223
    0.223019231  268.950098420 -5291.714051563
    0.226552510  247.343757945 -6884.529995909
    0.230085789  220.952354500 -7926.928116618
    0.233619068  192.376406195 -8090.155655362
    0.237152347  164.835856389 -7373.533918154
    0.240685625  140.928640098 -6106.347973387
    0.244218904  121.751047784 -4777.605777118
    0.247752183  106.784302973 -3768.430482171
    0.251285462   94.621949174 -3180.238791131
    0.254818741   83.969325513 -2879.246917435
    0.258352020   74.189680960 -2655.406203781
    0.261885299   65.270278425 -2380.012318238
    0.265418578   57.440702372 -2047.475247559
    0.268951856   50.791125476 -1722.512465656
    0.272485135   45.189786284 -1460.868803410
    0.276018414   40.374492334 -1273.626090637
    0.279551693   36.145847160 -1131.445311252
    0.283084972   32.371804247 -1009.822405982
    0.286618251   29.021716049 -890.126619133
    0.290151530   26.079734413 -777.767249437
    0.293684809   23.506671331 -681.644544693
    0.297218087   21.223956708 -617.058173630
    0.300751366   19.100173627 -588.672341757
    0.304284645   17.043692257 -575.980920183
    0.307817924   15.044408684 -554.397891047
    0.311351203   13.134188693 -520.326588244
    0.314884482   11.378796466 -474.708869440
    0.318417761    9.767553859 -443.957998995
    0.321951040    8.254781304 -411.297932086
    0.325484319    6.885820497 -363.478929749
    0.329017597    5.706380864 -305.290634624
    0.332550876    4.723500508 -254.223965295
    0.336084155    3.869715300 -234.795939147
    0.339617434    3.065703313 -220.937352259
    0.343150713    2.316502310 -199.823908941
    0.346683992    1.678475980 -156.454344595
    0.350217271    1.205648210 -116.363684798
    0.353750550    0.854748616  -84.330897526
    0.357283828    0.587435950  -72.481733963
    0.360817107    0.339922623  -68.231927514
    0.364350386    0.121012932  -50.386897447
    0.367883665    0.000000000  -19.080173303
    0.371416944    0.003467779   18.703725820
    0.374950223    0.111821427   38.327718057
    0.378483502    0.255023084   40.592008226
    0.382016781    0.384074903   37.213198100
    0.385550059    0.528996562   46.497108910
    0.389083338    0.715551183   59.156778744
    0.392616617    0.942727118   68.731941723
    0.396149896    1.200401731   71.292400192
    0.399683175    1.445006029   66.854726125
    0.403216454    1.676375011   61.917154535
    0.406749733    1.890548530   59.118448887
    0.410283012    2.111663089   65.832324062
    0.413816290    2.346712644   66.986172618
    0.417349569    2.579721027   63.414015774
    0.420882848    2.785443620   53.789631082
    0.424416127    2.958804542   48.745758350
    0.427949406    3.132088283   47.434058543
    0.431482685    3.298284472   43.259197612
    0.435015964    3.427698534   31.748356479
    0.438549243    3.500691360    9.854662764
    0.442082522    3.531429215    7.606820471
    0.445615800    3.557145408    9.734597688
    0.449149079    3.601961445   15.913969686
    0.452682358    3.665648502   18.620027624
    0.456215637    3.719432504   14.561965668
    0.459748916    3.759185771    7.486007219
    0.463282195    3.775162586    4.605079606
    0.466815474    3.803134195   13.232088650
    0.470348753    3.876579948   26.014292689
    0.473882031    3.967922826   22.606480950
    0.477415310    4.040723491   14.066528377
    0.480948589    4.068056907    2.684469854
    0.484481868    4.059005037   -5.554279938
    0.488015147    4.044533069   -3.167814767
    0.491548426    4.052945777    4.510134497
    0.495081705    4.073085727    6.670016072
    0.498614984    4.096561843    5.201761693
    0.502148262    4.112078031    4.493744610
    0.505681541    4.136867174   11.407612879
    0.509214820    4.186583797   21.132837423
    0.512748099    4.273099858   28.805153960
    0.516281378    4.376965209   30.796190407
    0.519814657    4.491695677   37.239585977
    0.523347936    4.634036063   42.128286443
    0.526881215    4.788431696   43.706306923
    0.530414494    4.913114487   26.267666705
    0.533947772    4.988112298   18.323626405
    0.537481051    5.057123976   24.380690598
    0.541014330    5.156903418   28.450038689
    0.544547609    5.266407256   33.488055435
    0.548080888    5.384773826   30.823286249
    0.551614167    5.489535758   28.458982614
    0.555147446    5.594949189   29.850697116
    0.558680725    5.714236490   40.095341897
    0.562214003    5.871382785   44.802040813
    0.565747282    6.030729403   46.017155323
    0.569280561    6.173187160   36.632473203
    0.572813840    6.287116076   30.050525080
    0.576347119    6.410165533   40.847807297
    0.579880398    6.574255210   53.189579092
    0.583413677    6.767155973   53.288901241
    0.586946956    6.946262363   44.338995910
    0.590480234    7.084574170   35.849799657
    0.594013513    7.193638969   28.195734272
    0.597546792    7.297117712   30.157681552
    0.601080071    7.410592911   31.525797760
    0.604613350    7.526517538   33.214392699
    0.608146629    7.638178409   30.797041599
    0.611679908    7.725776859   24.826894979
    0.615213187    7.825485610   31.479911613
    0.618746465    7.936329347   31.206973944
    0.622279744    8.037828485   23.617830090
    0.625813023    8.098745000   10.909532134
    0.629346302    8.128577003    8.858630963
    0.632879581    8.157050212    6.275002045
    0.636412860    8.180232235    5.878576686
    0.639946139    8.201051569    4.836168080
    0.643479418    8.208066524    1.060830350
    0.647012697    8.239330344   15.661984864
    0.650545975    8.304803187   20.890013598
    0.654079254    8.380903152   20.025994136
    0.657612533    8.447336976   15.019428935
    0.661145812    8.479629667    3.195066762
    0.664679091    8.474677542   -5.120145329
    0.668212370    8.450101841   -8.822999686
    0.671745649    8.442552142    4.997191094
    0.675278928    8.491994672   19.367163999
    0.678812206    8.564860308   19.955074224
    0.682345485    8.603620001    5.318813033
    0.685878764    8.595565715  -12.518236445
    0.689412043    8.528736622  -23.296407969
    0.692945322    8.437876261  -25.103196822
    0.696478601    8.369027800  -11.969485574
    0.700011880    8.348548838    2.193604389
    0.703545159    8.378830686   13.770921330
    0.707078437    8.446396536   21.439416301
    0.710611716    8.509911703   10.950192785
    0.714144995    8.516639020   -6.950197411
    0.717678274    8.474155342  -17.972894039
    0.721211553    8.409492072  -14.492451421
    0.724744832    8.385249261   -1.373678735
    0.728278111    8.410165505   11.346824141
    0.731811390    8.455568747   15.173974760
    0.735344668    8.506785351   11.228109338
    0.738877947    8.531068962    2.765716733
    0.742411226    8.548708645    9.752910308
    0.745944505    8.588240575   13.631731898
    0.749477784    8.655119028   25.216391207
    0.753011063    8.738738466   22.508351754
    0.756544342    8.811644381   17.480325225
    0.760077621    8.869321807   14.578300950
    0.763610900    8.911211847   12.378747298
    0.767144178    8.965535479   16.023273814
    0.770677457    9.020856940   17.382274466
    0.774210736    9.094631769   24.101650667
    0.777744015    9.184740087   27.278888115
    0.781277294    9.283089284   28.827880833
    0.784810573    9.370348771   21.683963291
    0.788343852    9.435691102   14.172604432
    0.791877131    9.491143485   21.432978596
    0.795410409    9.573648856   27.384995735
    0.798943688    9.671110012   21.270644942
    0.802476967    9.732595936   14.132278386
    0.806010246    9.755680116   -0.752810662
    0.809543525    9.750609493   -0.200328847
    0.813076804    9.757809254    8.360591591
    0.816610083    9.805828673   17.780572526
    0.820143362    9.866932868   16.081999862
    0.823676640    9.900461333    3.478494105
    0.827209919    9.911942773    2.505096182
    0.830743198    9.914974086   -1.189706775
    0.834276477    9.923757380    8.038809052
    0.837809756    9.971303668   15.052674793
    0.841343035   10.019610759   10.636591669
    0.844876314   10.036359439   -3.736300907
    0.848409593    9.998821854  -13.219822350
    0.851942871    9.968702444   -2.594404549
    0.855476150    9.980257750    8.772332663
    0.859009429   10.014298642    7.386492117
    0.862542708   10.024271780   -0.742548366
    0.866075987    9.997987706   -9.921521008
    0.869609266    9.965504696   -7.005288633
    0.873142545    9.969570551   11.144453048
    0.876675824   10.036549765   25.356558866
    0.880209103   10.108924130   14.748000865
    0.883742381   10.121829334   -3.791760204
    0.887275660   10.087009754  -15.206431377
    0.890808939   10.041728391   -8.527881876
    0.894342218   10.044023257    6.686382537
    0.897875497   10.084734123   10.242172807
    0.901408776   10.100949881   -6.767567815
    0.904942055   10.053565775  -19.525103362
    0.908475334    9.987277218  -14.078333667
    0.912008612    9.976915858    9.221598513
    0.915541891   10.054226379   31.329770182
    0.919075170   10.187649098   39.049578400
    0.922608449   10.304038830   24.354943705
    0.926141728   10.346383077   -1.896682899
    0.929675007   10.323565345  -10.402053081
    0.933208286   10.297026812   -0.387058294
    0.936741565   10.333915174   21.915245159
    0.940274843   10.434589957   30.886295234
    0.943808122   10.545110512   27.512859430
    0.947341401   10.620319039   10.778365362
    0.950874680   10.621892297   -4.292131977
    0.954407959   10.611934595    0.728845310
    0.957941238   10.645633833   17.774314298
    0.961474517   10.735178617   26.401862270
    0.965007796   10.827994373   23.627381388
    0.968541075   10.900378567   15.622797110
    0.972074353   10.953765272   14.788574239
    0.975607632   11.028100246   27.372567952
    0.979140911   11.153519379   43.664863683
    0.982674190   11.297985907   35.369847892
    0.986207469   11.407670638   21.082299351
    0.989740748   11.458139779    8.431832484
    0.993274027   11.508441842   21.447083437
    0.996807306   11.631328568   47.357215171
    1.000340584   11.853523123   72.035413739
    1.003873863   12.115590552   73.308165462
    1.007407142   12.343113647   53.263450732
    1.010940421   12.472102865   22.839029093
    1.014473700   12.549158196   18.018631350
    1.018006979   12.624089513   24.875059317
    1.021540258   12.737212416   37.741978271
    1.025073537   12.880793847   43.163804079
    1.028606815   13.040823889   47.626826905
    1.032140094   13.211930265   46.277214521
    1.035673373   13.377623115   47.399386959
    1.039206652   13.560707006   52.915300898
    1.042739931   13.747019250   53.585299315
    1.046273210   13.940844777   50.537865317
    1.049806489   14.107328605   43.310043741
    1.053339768   14.230371307   28.257290815
    1.056873046   14.319372630   23.694931259
    1.060406325   14.412226269   29.477719848
    1.063939604   14.517793944   28.160546649
    1.067472883   14.619032951   25.903931284
    1.071006162   14.712051209   24.610126733
    1.074539441   14.802874320   27.861655381
    1.078072720   14.924076866   41.183244595
    1.081605999   15.079884525   49.174747625
    1.085139278   15.265937205   49.950149404
    1.088672556   15.424329933   38.610575118
    1.092205835   15.526610571   21.328400570
    1.095739114   15.578076515   10.522518884
    1.099272393   15.619030684   14.578853677
    1.102805672   15.666715035   11.502662795
    1.106338951   15.721184553   17.633336029
    1.109872230   15.788446578   19.850951892
    1.113405509   15.862510816   22.773206322
    1.116938787   15.957380945   27.610841786
    1.120472066   16.061144162   28.419065468
    1.124005345   16.152729756   22.110135454
    1.127538624   16.215430588   10.919659394
    1.131071903   16.234863343    0.106464836
    1.134605182   16.205227711  -10.218324194
    1.138138461   16.172567796   -6.924995707
    1.141671740   16.169971954    4.430863433
    1.145205018   16.213598569   17.486521579
    1.148738297   16.286409567   19.321338153
    1.152271576   16.343847371   12.091206994
    1.155804855   16.373543284    5.566201073
    1.159338134   16.385620267    2.304255342
    1.162871413   16.389422038    5.727165214
    1.166404692   16.429518149   17.394208499
    1.169937971   16.506993806   24.815765322
    1.173471249   16.582788607   18.659019068
    1.177004528   16.624535515    0.579250977
    1.180537807   16.593245252  -12.099810605
    1.184071086   16.557410959   -6.564918423
    1.187604365   16.570825510   11.993151532
    1.191137644   16.641517353   26.432368187
    1.194670923   16.736522293   25.008330331
    1.198204202   16.799932905    6.857051019
    1.201737481   16.803240582   -7.396318352
    1.205270759   16.765902628  -11.436203233
    1.208804038   16.734270415   -2.752777509
    1.212337317   16.733055559    3.602935241
    1.215870596   16.760944164   11.561813031
    1.219403875   16.823980053   24.753750801
    1.222937154   16.937817572   39.813226991
    1.226470433   17.104546285   54.413885813
    1.230003712   17.291429896   50.524254232
    1.233536990   17.439345381   31.105596913
    1.237070269   17.497227288    5.362393499
    1.240603548   17.487139009   -5.892161115
    1.244136827   17.476555818    5.321649848
    1.247670106   17.520023065   20.533381173
    1.251203385   17.614335338   30.912511227
    1.254736664   17.721851894   26.105647427
    1.258269943   17.794544903   13.174725093
    1.261803221   17.849687540   19.472810929
    1.265336500   17.941051032   33.627883131
    1.268869779   18.065491772   36.725858915
    1.272403058   18.197567940   32.587226215
    1.275936337   18.300879112   22.524138544
    1.279469616   18.367656100   16.346139622
    1.283002895   18.409475102   13.497245394
    1.286536174   18.472952341   17.971577472
    1.290069452   18.531380102   14.049226949
    1.293602731   18.560388445    1.461810097
    1.297136010   18.558966135    0.530965259
    1.300669289   18.573779537   11.211866000
    1.304202568   18.639851168   26.687463090
    1.307735847   18.752144842   37.815552819
    1.311269126   18.874586201   32.416526841
    1.314802405   18.973446271   25.339888360
    1.318335684   19.046292115   17.383732928
    1.321868962   19.108295002   18.574073083
    1.325402241   19.178533816   19.406878199
    1.328935520   19.239068655   11.824852961
    1.332468799   19.291645212   19.748775897
    1.336002078   19.372037289   26.595423986
    1.339535357   19.474862814   32.229560233
    1.343068636   19.592553739   32.138913631
    1.346601915   19.692738357   26.091334950
    1.350135193   19.776597003   20.018804754
    1.353668472   19.839514249   15.615493579
    1.357201751   19.888709342    6.086124046
    1.360735030   19.895892779    1.816904885
    1.364268309   19.891325965   -3.276784565
    1.367801588   19.882542024   -0.678766418
    1.371334867   19.883464468    3.830355256
    1.374868146   19.917224261   10.617696931
    1.378401424   19.942364285    3.940103315
    1.381934703   19.938534999   -2.657058980
    1.385467982   19.937906560    2.417095873
    1.389001261   19.962556164   14.067308805
    1.392534540   20.030156808   20.389792053
    1.396067819   20.087200914    7.561191272
    1.399601098   20.076048938  -15.054717826
    1.403134377   20.013612319  -17.100537485
    1.406667656   19.972220481   -3.130738923
    1.410200934   20.022267522   26.415227687
    1.413734213   20.158278366   46.986319642
    1.417267492   20.297478881   30.283681081
    1.420800771   20.365481058    6.579240835
    1.424334050   20.363065392   -6.693215795
    1.427867329   20.360519846    4.611858797
    1.431400608   20.414863568   25.181608854
    1.434933887   20.511203019   28.838587354
    1.438467165   20.593439424   16.886326591
    1.442000444   20.617966211    2.226418236
    1.445533723   20.608407565   -8.657179623
    1.449067002   20.563015688  -13.225390500
    1.452600281   20.532706552   -2.605838014
    1.456133560   20.545820634    9.444596759
    1.459666839   20.588294164   15.157370502
    1.463200118   20.639450496   14.640953616
    1.466733396   20.695896687   13.730544760
    1.470266675   20.741457443   12.153914505
    1.473799954   20.781419129   11.254380904
    1.477333233   20.815094547    4.778603566
    1.480866512   20.837138435    5.815022334
    1.484399791   20.866151778   11.373646542
    1.487933070   20.886498356    3.555394222
    1.491466349   20.916227296   10.362840854
    1.494999627   20.958990900   13.816408680
    1.498532906   21.009096894   12.309203116
    1.502066185   21.057199655   15.212125742
    1.505599464   21.115243014   18.266973921
    1.509132743   21.185859111   24.446558761
    1.512666022   21.281209765   30.167653629
    1.516199301   21.398014649   34.278826247
    1.519732580   21.512914018   33.623739784
    1.523265859   21.614504155   24.725986108
    1.526799137   21.694122776   21.339936513
    1.530332416   21.752962318   12.981280355
    1.533865695   21.795307619   12.523642228
    1.537398974   21.841156982   13.463090818
    1.540932253   21.882147881   11.021129082
    1.544465532   21.939964125   19.526297919
    1.547998811   22.005275452   16.364419591
    1.551532090   22.065817057   17.011992950
    1.555065368   22.126344118   20.319866919
    1.558598647   22.193287937   22.774834684
    1.562131926   22.276712239   18.849080118
    1.565665205   22.336645604   12.403798223
    1.569198484   22.361605621    6.166022813
    1.572731763   22.400288941   19.910317198
    1.576265042   22.502370221   40.572577851
    1.579798321   22.656120865   44.012349606
    1.583331599   22.772032831   19.185626732
    1.586864878   22.792485809   -6.266601593
    1.590398157   22.757472293   -5.874547265
    1.593931436   22.763396710   14.046607806
    1.597464715   22.871886557   43.591977359
    1.600997994   23.046819440   50.196912950
    1.604531273   23.196842934   30.775876230
    1.608064552   23.272696848   12.844679887
    1.611597830   23.293609046    4.007438261
    1.615131109   23.333813687   17.520895063
    1.618664388   23.412656149   24.991747036
    1.622197667   23.492628641   15.948527610
    1.625730946   23.529998653    2.904375366
    1.629264225   23.527179197    1.794086137
    1.632797504   23.551772114   12.987072703
    1.636330783   23.640754315   34.025332141
    1.639864062   23.763579792   34.086062210
    1.643397340   23.852488653   14.413037802
    1.646930619   23.885285669    6.239436540
    1.650463898   23.894073181    4.821974902
    1.653997177   23.927927620   17.999770892
    1.657530456   24.007821539   26.568876740
    1.661063735   24.101180546   24.469173713
    1.664597014   24.169981253   15.642551255
    1.668130293   24.212553370    8.632999921
    1.671663571   24.232311272    3.980196522
    1.675196850   24.258199304    9.558775256
    1.678730129   24.322299021   24.027910962
    1.682263408   24.425423226   31.258316583
    1.685796687   24.536221287   28.385237081
    1.689329966   24.625932118   18.629872927
    1.692863245   24.674499593    6.733973578
    1.696396524   24.694724572    2.060577364
    1.699929802   24.706514951    6.948350971
    1.703463081   24.753593190   19.575578236
    1.706996360   24.835555714   26.842455892
    1.710529639   24.926511395   23.120745674
    1.714062918   24.994481856   15.751589295
    1.717596197   25.039788364    7.649952114
    1.721129476   25.056522124    5.171354328
    1.724662755   25.076679746    6.045892200
    1.728196033   25.090316032    1.537214709
    1.731729312   25.089984239   -3.201234191
    1.735262591   25.096403420    8.359255825
    1.738795870   25.149731263   17.440111835
    1.742329149   25.219865683   22.630187505
    1.745862428   25.299168216   18.991931688
    1.749395707   25.349395262    6.859447281
    1.752928986   25.383914407   12.416223212
    1.756462265   25.429013091   13.342865092
    1.759995543   25.476982614    7.954131113
    1.763528822   25.493344017   -1.157131661
    1.767062101   25.475036909  -10.189220565
    1.770595380   25.433987871  -12.053188875
    1.774128659   25.415842852    0.546331617
    1.777661938   25.413114492   -0.742090253
    1.781195217   25.406830415   -5.611971121
    1.784728496   25.385483104   -5.035812169
    1.788261774   25.362958261   -5.744753484
    1.791795053   25.362720757    6.161948368
    1.795328332   25.415931334   21.958953345
    1.798861611   25.509988986   25.423732117
    1.802394890   25.573741668    9.322020823
    1.805928169   25.578967560   -7.486591690
    1.809461448   25.527345524  -23.030186375
    1.812994727   25.460005111  -12.689750922
    1.816528005   25.446218578    6.443557724
    1.820061284   25.495154158   20.195990402
    1.823594563   25.587205689   28.031212116
    1.827127842   25.654872541    7.624651880
    1.830661121   25.652871969  -10.708584846
    1.834194400   25.602426196  -14.561066843
    1.837727679   25.562706654   -7.940945252
    1.841260958   25.560245597    3.367710682
    1.844794237   25.586876330    8.922250196
    1.848327515   25.618301346    7.892548184
    1.851860794   25.645551423    5.501989448
    1.855394073   25.674882793   13.407799761
    1.858927352   25.735273755   22.073224268
    1.862460631   25.805184749   14.827948370
    1.865993910   25.835523691    1.580599911
    1.869527189   25.798082496  -23.727314327
    1.873060468   25.688348129  -32.338050119
    1.876593746   25.583431958  -25.558950402
    1.880127025   25.526661681   -4.221648889
    1.883660304   25.549829859   16.568992499
    1.887193583   25.620166083   20.179671853
    1.890726862   25.672740437   10.346775701
    1.894260141   25.688686622    0.024695803
    1.897793420   25.678378991   -6.470729706
    1.901326699   25.659182630   -6.444656187
    1.904859977   25.638031878   -6.080071831
    1.908393256   25.611805644   -9.231874758
    1.911926535   25.569094241  -14.732958718
    1.915459814   25.533226556   -7.639888740
    1.918993093   25.534489898    5.355148612
    1.922526372   25.571266667   12.118483639
    1.926059651   25.617448857   12.338399736
    1.929592930   25.657943126   10.265805547
    1.933126208   25.687159173    5.908945285
    1.936659487   25.716773945   11.399227099
    1.940192766   25.753788852    8.349150832
    1.943726045   25.767312011   -0.744513505
    1.947259324   25.753279072   -7.720238177
    1.950792603   25.728220395   -7.957600533
    1.954325882   25.686279489  -15.667592716
    1.957859161   25.618929850  -22.355873302
    1.961392440   25.536364325  -21.281400931
    1.964925718   25.490748908   -3.463162944
    1.968458997   25.513135855   14.276363868
    1.971992276   25.568291609   13.562120934
    1.975525555   25.598744081   -3.648669279
    1.979058834   25.537720290  -30.003611847
    1.982592113   25.410566030  -33.895051430
    1.986125392   25.331308007   -9.036554400
    1.989658671   25.378956207   32.789928349
    1.993191949   25.550187584   56.006183935
    1.996725228   25.729291274   39.742226413
    2.000258507   25.810468136    6.280701104
    2.003791786   25.786555318  -15.225905332
    2.007325065   25.729203326  -13.091304001
    2.010858344   25.707802976   -3.123077275
    2.014391623   25.710959598    0.527547961
    2.017924902   25.697240815  -11.074639972
    2.021458180   25.640259669  -20.608822586
    2.024991459   25.562456280  -17.351083955
    2.028524738   25.543218957    7.790589469
    2.032058017   25.609548651   26.517669413
    2.035591296   25.703400612   21.520882844
    2.039124575   25.733515969   -4.664663623
    2.042657854   25.677471279  -22.800931611
    2.046191133   25.606553229  -15.951163551
    2.049724411   25.584738684    7.275313354
    2.053257690   25.650762960   27.610242205
    2.056790969   25.746053620   24.982102218
    2.060324248   25.798330222    3.909208374
    2.063857527   25.788401536   -9.963496172
    2.067390806   25.740434503  -13.956792740
    2.070924085   25.705944251   -4.438363455
    2.074457364   25.704724783    4.592552080
    2.077990643   25.712600834    3.265693265
    2.081523921   25.713269161   -7.368705837
    2.085057200   25.690942356   -6.641867338
    2.088590479   25.673264557   -3.114829450
    2.092123758   25.688915369   12.983531615
    2.095657037   25.753135189   26.701656554
    2.099190316   25.854504849   32.173097029
    2.102723595   25.965036005   28.455239248
    2.106256874   26.058014827   20.875475879
    2.109790152   26.107866519    8.171294291
    2.113323431   26.123625670    1.247516686
    2.116856710   26.140364921    8.522700624
    2.120389989   26.180965417   16.492536756
    2.123923268   26.229583219   10.042002676
    2.127456547   26.251935140    2.511438898
    2.130989826   26.238681352   -5.253939132
    2.134523105   26.227708423   -0.808356595
    2.138056383   26.248424958   13.098949770
    2.141589662   26.306264166   21.180398644
    2.145122941   26.376312558   21.287037096
    2.148656220   26.445148273   20.046430284
    2.152189499   26.504101089   14.485960679
    2.155722778   26.561829863   17.475833729
    2.159256057   26.614022224   12.670833943
    2.162789336   26.652425892    8.407044052
    2.166322614   26.673263692    4.750822865
    2.169855893   26.669595642   -3.519993155
    2.173389172   26.669375349    4.476036414
    2.176922451   26.705184136    9.898155655
    2.180455730   26.744888157   12.833706056
    2.183989009   26.782016674    7.030327368
    2.187522288   26.796009605    1.409092287
    2.191055567   26.787451413   -7.721950851
    2.194588846   26.761729748   -6.239179940
    2.198122124   26.750875155    2.815653347
    2.201655403   26.775040260    9.462550727
    2.205188682   26.814837680   12.237754328
    2.208721961   26.846782320    6.695874370
    2.212255240   26.856019059    0.811011554
    2.215788519   26.856769493    2.770054915
    2.219321798   26.865759367    4.364045170
    2.222855077   26.885320660    6.736290001
    2.226388355   26.907883900    5.745606185
    2.229921634   26.919887249    3.623474158
    2.233454913   26.920514318    1.720733434
    2.236988192   26.934500404    7.123691704
    2.240521471   26.953726507    7.278863913
    2.244054750   27.005714987   18.279759470
    2.247588029   27.074433955   18.414013849
    2.251121308   27.143322985   21.981884537
    2.254654586   27.216084900   14.516147551
    2.258187865   27.239599760   -2.886834109
    2.261721144   27.201325843  -22.399010870
    2.265254423   27.109939145  -25.176876107
    2.268787702   27.046122184   -6.351378366
    2.272320981   27.078733928   23.302742944
    2.275854260   27.189616174   35.429193016
    2.279387539   27.294246192   22.799038393
    2.282920817   27.336421180    2.154162131
    2.286454096   27.325228997   -5.023163513
    2.289987375   27.312659832    2.942516044
    2.293520654   27.343157553   13.982236375
    2.297053933   27.402420673   15.735209389
    2.300587212   27.434826333    3.344525834
    2.304120491   27.426792470   -6.746461451
    2.307653770   27.409735238    0.454021658
    2.311187049   27.442398967   22.080558023
    2.314720327   27.554535556   36.472741822
    2.318253606   27.677449279   25.032901201
    2.321786885   27.715091335   -1.206858525
    2.325320164   27.665655084  -25.326388346
    2.328853443   27.584727131  -17.736795838
    2.332386722   27.543117746   -6.397431745
    2.335920001   27.540462703    3.674786811
    2.339453280   27.533062454  -11.363807089
    2.342986558   27.470504465  -23.918665733
    2.346519837   27.386123141  -23.797969067
    2.350053116   27.333063143   -3.699914416
    2.353586395   27.360167341   18.902913184
    2.357119674   27.446749923   29.908635113
    2.360652953   27.550778638   26.056378289
    2.364186232   27.624170953   17.029906583
    2.367719511   27.672418517   11.557720106
    2.371252789   27.706564294    9.364303531
    2.374786068   27.746205513    7.746643163
    2.378319347   27.774648111    3.099162290
    2.381852626   27.760757763   -9.308259462
    2.385385905   27.713088022  -20.032278977
    2.388919184   27.636086685  -22.140725426
    2.392452463   27.577481076   -9.216797296
    2.395985742   27.553340998   -2.169454528
    2.399519021   27.556005728    3.405316959
    2.403052299   27.561876581    3.630879164
    2.406585578   27.586444078   10.744293175
    2.410118857   27.621185030    9.244029629
    2.413652136   27.660105625   10.274225720
    2.417185415   27.682766022   -0.191160226
    2.420718694   27.659192090   -9.296928711
    2.424251973   27.620844159  -10.622828153
    2.427785252   27.594340524   -2.602104477
    2.431318530   27.599696654    2.506523431
    2.434851809   27.612154017    3.182091928
    2.438385088   27.613768034   -2.987522723
    2.441918367   27.591604192   -7.534659633
    2.445451646   27.583376740    1.875734519
    2.448984925   27.617761894   15.629266264
    2.452518204   27.684069775   20.287426229
    2.456051483   27.743201449   11.033834016
    2.459584761   27.768847885   10.279130656
    2.463118040   27.809560204   11.607821207
    2.466651319   27.851388164   10.190251406
    2.470184598   27.885675298    7.896542793
    2.473717877   27.914269592    7.008650996
    2.477251156   27.938159978    6.882637022
    2.480784435   27.938014610   -4.305818408
    2.484317714   27.923241707  -10.050877381
    2.487850992   27.878947016  -12.118278827
    2.491384271   27.825225784  -10.003484043
    2.494917550   27.817575293    6.119120898
    2.498450829   27.860182123   15.213736246
    2.501984108   27.922241238   14.940789148
    2.505517387   27.951235269    0.923408553
    2.509050666   27.916329240  -17.466601054
    2.512583945   27.848966753  -15.815930942
    2.516117224   27.815342189   -3.553380232
    2.519650502   27.841804913   12.916078533
    2.523183781   27.895830877   13.324964563
    2.526717060   27.924477304    2.935302601
    2.530250339   27.927002331    3.443560386
    2.533783618   27.939794691    6.094412023
    2.537316897   27.961230966    5.340743391
    2.540850176   27.977064278   -2.302767323
    2.544383455   27.949081006  -17.345503939
    2.547916733   27.876682049  -22.917687418
    2.551450012   27.803006101  -15.792802276
    2.554983291   27.783813088    4.925414374
    2.558516570   27.843245406   24.165559711
    2.562049849   27.935255045   29.064392021
    2.565583128   28.019995030   15.675479005
    2.569116407   28.045531929    0.794302850
    2.572649686   28.024352549   -7.523232919
    2.576182964   28.006885232    1.878562837
    2.579716243   28.024926278    8.796367711
    2.583249522   28.056632748    5.794950627
    2.586782801   28.052365017   -8.048409676
    2.590316080   28.018099912  -11.818358505
    2.593849359   27.988294339   -6.226285590
    2.597382638   27.984440064    2.782197544
    2.600915917   27.995716618    6.250237190
    2.604449195   27.997610546   -5.664485577
    2.607982474   27.958958538  -15.106669471
    2.611515753   27.904410467  -19.541536212
    2.615049032   27.854124487  -10.740504989
    2.618582311   27.835993119   -2.451611995
    2.622115590   27.839954565    1.517132836
    2.625648869   27.851423859    3.788387221
    2.629182148   27.859228969   -2.318953638
    2.632715427   27.858469380    4.383157182
    2.636248705   27.887975726   11.058461793
    2.639781984   27.936543849   15.681646408
    2.643315263   27.972045508    5.154221723
    2.646848542   27.975882493    0.605499313
    2.650381821   27.970990400   -3.532603869
    2.653915100   27.957452065   -3.567121516
    2.657448379   27.956150053    1.959163988
    2.660981658   27.974919855    6.403246870
    2.664514936   28.009846078    9.741686887
    2.668048215   28.042508011    8.145931817
    2.671581494   28.070673570    7.365803495
    2.675114773   28.089948970    2.771121718
    2.678648052   28.109299789   10.248054502
    2.682181331   28.142367561    9.759441424
    2.685714610   28.163862543   -0.888178249
    2.689247889   28.135331559  -11.797638417
    2.692781167   28.086631441  -11.670093311
    2.696314446   28.063080421   -0.641932920
    2.699847725   28.073364259    3.081299664
    2.703381004   28.092342295    8.274716552
    2.706914283   28.118194380    3.307702766
    2.710447562   28.121153614    0.018133033
    2.713980841   28.126196599    4.807018552
    2.717514120   28.151788786   15.062597478
    2.721047398   28.214145524   14.366009279
    2.724580677   28.242518185    3.220327863
    2.728113956   28.219976132  -15.038145218
    2.731647235   28.152580706  -22.750427234
    2.735180514   28.095810764  -12.270491850
    2.738713793   28.075958527    0.618030881
    2.742247072   28.070464716   -7.610869660
    2.745780351   28.027708959  -16.266593442
    2.749313630   27.972154472  -10.186805807
    2.752846908   27.960319142    7.781154520
    2.756380187   28.018477255   24.429961758
    2.759913466   28.108803728   26.169074162
    2.763446745   28.174761630   10.526960935
    2.766980024   28.178386919   -5.394242451
    2.770513303   28.137617484  -13.304758375
    2.774046582   28.125460820    5.440511126
    2.777579861   28.153571712    7.812294315
    2.781113139   28.169954278    0.947584307
    2.784646418   28.161177751   -6.059032159
    2.788179697   28.125874823   -8.318536016
    2.791712976   28.109888514   -0.321544133
    2.795246255   28.113478029    0.027686218
    2.798779534   28.104410066   -8.323276760
    2.802312813   28.067780525  -12.073229676
    2.805846092   28.039896944   -3.713740930
    2.809379370   28.073474886   20.844130410
    2.812912649   28.176439562   34.147363677
    2.816445928   28.295828623   27.685942070
    2.819979207   28.348136442   -3.095070468
    2.823512486   28.296348451  -24.174284434
    2.827045765   28.199765456  -27.598307477
    2.830579044   28.121690511  -12.724869130
    2.834112323   28.100748011   -0.339179785
    2.837645602   28.111557976    3.116278881
    2.841178880   28.106478405   -4.660777669
    2.844712159   28.087788983   -7.520561278
    2.848245438   28.051985774   -8.414653679
    2.851778717   28.037752831    0.275675820
    2.855311996   28.047005505    2.429321352
    2.858845275   28.058932970    2.872747607
    2.862378554   28.072809880    4.846304781
    2.865911833   28.076670268   -2.177834591
    2.869445111   28.084034123    4.165298055
    2.872978390   28.097792448    2.833908437
    2.876511669   28.107592041    0.732085710
    2.880044948   28.112043043    0.020403438
    2.883578227   28.121772155    8.011870771
    2.887111506   28.177294082   19.475400593
    2.890644785   28.243177389   13.966491277
    2.894178064   28.264908932   -4.473882027
    2.897711342   28.201283131  -30.774896845
    2.901244621   28.063290119  -40.387776205
    2.904777900   27.952405363  -18.520789211
    2.908311179   27.944740507   14.635457290
    2.911844458   28.048582565   39.257138606
    2.915377737   28.190307580   34.767015674
    2.918911016   28.273207563   12.110907707
    2.922444295   28.282151244   -6.317389374
    2.925977573   28.243576654  -12.996958423
    2.929510852   28.219922655   -2.867143233
    2.933044131   28.228115094    2.390807416
    2.936577410   28.226725534   -7.560204060
    2.940110689   28.175260661  -21.828713995
    2.943643968   28.067053288  -34.310101507
    2.947177247   27.967012649  -22.415633645
    2.950710526   27.916070540   -3.637813737
    2.954243805   27.944809875   19.003785394
    2.957777083   28.018111304   14.345227987
    2.961310362   28.044146554    1.337772608
    2.964843641   28.031272377   -3.998393676
    2.968376920   28.026550649    0.200914714
    2.971910199   28.052707182   14.619324724
    2.975443478   28.121013091   20.772278678
    2.978976757   28.181882485   14.911168002
    2.982510036   28.229667073   10.579700871
    2.986043314   28.271797294   13.539515261
    2.989576593   28.334794503   20.382220671
    2.993109872   28.394924407    8.438812931
    2.996643151   28.381556124  -17.123659908
    3.000176430   28.294604477  -29.145218576
    3.003709709   28.209922551  -15.723864622
    3.007242988   28.196479863    7.264394563
    3.010776267   28.249470926   18.786419452
    3.014309545   28.308858506   10.806578654
    3.017842824   28.328138297   -3.259160113
    3.021376103   28.310411310   -4.236328195
    3.024909382   28.327641207   11.470288105
    3.028442661   28.372822113   11.254866841
    3.031975940   28.400663038    0.491235358
    3.035509219   28.353483009  -25.027205058
    3.039042498   28.246617988  -34.800604812
    3.042575776   28.164319968  -13.499387075
    3.046109055   28.149136157    5.094684011
    3.049642334   28.173428990    7.127974880
    3.053175613   28.162902484  -17.353524801
    3.056708892   28.075518929  -30.208726135
    3.060242171   27.981617351  -18.410631629
    3.063775450   27.955912252    4.944151616
    3.067308729   28.008283948   23.411882665
    3.070842008   28.085454132   17.292693046
    3.074375286   28.114475889   -2.631140806
    3.077908565   28.078448871  -13.516944827
    3.081441844   28.035473164   -6.751334608
    3.084975123   28.048592097   12.144705684
    3.088508402   28.110663773   20.037696448
    3.092041681   28.162675284    7.216515840
    3.095574960   28.164808295   -8.689168572
    3.099108239   28.127054149   -9.743046376
    3.102641517   28.108362496    1.448190794
    3.106174796   28.122225096    7.861167545
    3.109708075   28.160988281   11.255341036
    3.113241354   28.186115015   -2.135912634
    3.116774633   28.162334791  -10.999405301
    3.120307912   28.123070564   -9.078441465
    3.123841191   28.101173037   -1.279665009
    3.127374470   28.118515805    6.687856016
    3.130907748   28.142106676    2.370260868
    3.134441027   28.126761812  -10.810228719
    3.137974306   28.072355306  -14.510524287
    3.141507585   28.027179023   -6.858525367
    3.145040864   28.026821738    9.138991371
    3.148574143   28.089294825   22.500392322
    3.152107422   28.154521849   12.263960089
    3.155640701   28.176194409   -2.433227321
    3.159173979   28.137164771  -15.416279380
    3.162707258   28.081660555  -11.421495418
    3.166240537   28.066997414    1.438201491
    3.169773816   28.092765824   11.556219259
    3.173307095   28.120672484    6.422166979
    3.176840374   28.122583896   -3.890672638
    3.180373653   28.107691256   -4.762218003
    3.183906932   28.086845002   -4.650925616
    3.187440211   28.074989199   -2.996086935
    3.190973489   28.061446170   -7.643154032
    3.194506768   28.022259938  -13.711224357
    3.198040047   27.966470778  -15.574483514
    3.201573326   27.925172388   -8.839445743
    3.205106605   27.920181438    6.685060934
    3.208639884   27.961851245   17.578286352
    3.212173163   28.032999673   22.005914948
    3.215706442   28.113430631   23.913554907
    3.219239720   28.189992605   16.322283458
    3.222772999   28.217470763   -0.609557907
    3.226306278   28.202717533   -8.177812616
    3.229839557   28.167276647   -6.296731915
    3.233372836   28.165576153    5.670753078
    3.236906115   28.203629559   13.524449325
    3.240439394   28.244603491    6.688207890
    3.243972673   28.243113374   -4.430893213
    3.247505951   28.210752132  -13.072637650
    3.251039230   28.175458159   -8.660294148
    3.254572509   28.160075148    2.082604356
    3.258105788   28.174499472    3.768213725
    3.261639067   28.157294632  -14.705458373
    3.265172346   28.078646078  -25.114145186
    3.268705625   27.997728542  -15.807150235
    3.272238904   27.978184841    6.770609152
    3.275772183   28.028412620   22.498212492
    3.279305461   28.107742212   18.555622505
    3.282838740   28.146385127    1.914420035
    3.286372019   28.130255832  -11.577331897
    3.289905298   28.095204929   -8.032314542
    3.293438577   28.094866622    8.166298063
    3.296971856   28.136251164   13.767596787
    3.300505135   28.160667648    1.365308446
    3.304038414   28.132558458  -18.594447759
    3.307571692   28.045101454  -24.258731158
    3.311104971   27.985339165   -9.192770375
    3.314638250   27.993621721   13.844930308
    3.318171529   28.069396583   27.603242236
    3.321704808   28.166041626   23.408122353
    3.325238087   28.230963593   12.569011984
    3.328771366   28.243925671   -3.631938695
    3.332304645   28.197146065  -18.159582239
    3.335837923   28.123098710  -22.305952312
    3.339371202   28.047972264  -17.446376297
    3.342904481   27.999568164   -8.022173390
    3.346437760   27.979227909    1.009335843
    3.349971039   27.991269785    4.449493475
    3.353504318   28.016597369    9.380339092
    3.357037597   28.048925576    5.121233741
    3.360570876   28.063554364    2.964615792
    3.364104154   28.050325123   -7.411025805
    3.367637433   28.013361534  -12.866446418
    3.371170712   27.965112947   -9.375192143
    3.374703991   27.934835163   -6.905471276
    3.378237270   27.926649156    2.513345507
    3.381770549   27.938039571   -1.749915902
    3.385303828   27.921450765   -7.313575683
    3.388837107   27.895076838   -4.779514395
    3.392370386   27.880948017   -2.332388846
    3.395903664   27.894566764    9.745842757
    3.399436943   27.937162716   13.850945047
    3.402970222   27.984825589   12.674838501
    3.406503501   28.021100762    5.446257747
    3.410036780   28.032820384    2.091685020
    3.413570059   28.030322548   -2.458780960
    3.417103338   28.012961275   -6.763383938
    3.420636617   27.982477222   -8.018941810
    3.424169895   27.960884233   -1.878926699
    3.427703174   27.975434028   10.013315768
    3.431236453   28.023354170   16.503164294
    3.434769732   28.074070411   14.211020023
    3.438303011   28.116293074    6.813931369
    3.441836290   28.127122440   -1.521308641
    3.445369569   28.116782382   -0.265018613
    3.448902848   28.131970485    7.014504541
    3.452436126   28.158219404    5.796604650
    3.455969405   28.179514866    2.742831623
    3.459502684   28.167854969   -9.564029692
    3.463035963   28.123074145  -11.830919115
    3.466569242   28.093691803   -4.118397259
    3.470102521   28.093106404    2.302163691
    3.473635800   28.102896071    0.772611430
    3.477169079   28.095946644   -6.999246677
    3.480702357   28.048481976  -16.860436737
    3.484235636   27.997022819  -10.926532332
    3.487768915   27.979576208    2.462648271
    3.491302194   28.007631986   12.062499565
    3.494835473   28.050469359   10.702266194
    3.498368752   28.082667025    4.113618372
    3.501902031   28.073741990   -6.348084878
    3.505435310   28.060515042    3.441677319
    3.508968589   28.089983711   10.495723524
    3.512501867   28.115993633    1.922424902
    3.516035146   28.113765776   -2.718978508
    3.519568425   28.098093201   -5.494961711
    3.523101704   28.091321251    1.499638105
    3.526634983   28.114705085    9.680097130
    3.530168262   28.141966174    5.210172140
    3.533701541   28.135338078   -6.331454127
    3.537234820   28.084260326  -19.538138692
    3.540768098   28.025191175  -11.072949574
    3.544301377   28.009877745    1.010558707
    3.547834656   28.032441953    8.349183164
    3.551367935   28.035942537   -3.425199734
    3.554901214   28.013941472   -9.327963554
    3.558434493   27.991532223    2.788127880
    3.561967772   28.014668561   11.825994735
    3.565501051   28.076085860   18.169890102
    3.569034329   28.114251715    0.711653375
    3.572567608   28.082467667  -17.855966573
    3.576100887   28.024632927   -9.161710535
    3.579634166   28.003041145    1.700192280
    3.583167445   28.029760006   13.181990399
    3.586700724   28.079713047   11.681874841
    3.590234003   28.080281374  -12.892069684
    3.593767282   28.008425046  -25.077863328
    3.597300560   27.919306259  -17.621771673
    3.600833839   27.893082093    4.466585793
    3.604367118   27.927616343   11.982241985
    3.607900397   27.954121358   -0.684354114
    3.611433676   27.907082300  -23.733558692
    3.614966955   27.809321726  -28.061709137
    3.618500234   27.731801276  -12.839827435
    3.622033513   27.728456861   14.267767854
    3.625566792   27.798201875   21.575393546
    3.629100070   27.869191298   16.853179324
    3.632633349   27.906309610    6.923178844
    3.636166628   27.918058401    1.811840558
    3.639699907   27.929847391    7.612208540
    3.643233186   27.966384202   13.547898233
    3.646766465   28.013488565   12.313179413
    3.650299744   28.042142101    6.444395019
    3.653833023   28.058473205    4.325260532
    3.657366301   28.077965446    4.763296303
    3.660899580   28.082738954   -3.871328636
    3.664432859   28.060375888   -9.674931352
    3.667966138   28.006499129  -17.832528443
    3.671499417   27.942764448  -16.421277108
    3.675032696   27.896201960  -13.908150771
    3.678565975   27.857095724  -11.905031668
    3.682099254   27.824056728   -4.094373989
    3.685632532   27.837621537   12.102631404
    3.689165811   27.896663954   22.112458548
    3.692699090   27.983526367   25.343277013
    3.696232369   28.050051316   11.587984527
    3.699765648   28.076126770    0.216873413
    3.703298927   28.061556310   -9.366875193
    3.706832206   28.012762385  -13.365641772
    3.710365485   27.985027852   -2.866113471
    3.713898763   27.986250230    4.908756294
    3.717432042   28.004446409    5.317361007
    3.720965321   28.020030719    0.004582035
    3.724498600   28.010885806   -4.561014288
    3.728031879   27.987424597   -9.663380122
    3.731565158   27.945664335  -13.761481346
    3.735098437   27.900669872  -11.749582092
    3.738631716   27.872014380   -2.140463724
    3.742164995   27.896208936   15.699847291
    3.745698273   27.969663821   21.782614855
    3.749231552   28.027694877    7.300192483
    3.752764831   28.011436760  -17.349176661
    3.756298110   27.928318942  -25.618201186
    3.759831389   27.850220316  -16.384480552
    3.763364668   27.826273582    0.198743789
    3.766897947   27.858790986   16.737259538
    3.770431226   27.926029796   17.505465510
    3.773964504   27.973392185    5.605465827
    3.777497783   27.962784438  -10.945220764
    3.781031062   27.916727142  -15.691550661
    3.784564341   27.881249067   -4.091423745
    3.788097620   27.884407923    4.723021884
    3.791630899   27.897696305    1.178389744
    3.795164178   27.884883518   -6.877162034
    3.798697457   27.859377014   -5.653779291
    3.802230735   27.855750293    4.339049682
    3.805764014   27.885785655   12.137949940
    3.809297293   27.933112109   12.931794842
    3.812830572   27.950239983   -4.329794061
    3.816363851   27.910822000  -16.789962587
    3.819897130   27.861867070   -9.767782722
    3.823430409   27.849607744    3.188898256
    3.826963688   27.880864666   12.033197713
    3.830496967   27.911153662    0.849366921
    3.834030245   27.881368573  -19.791801560
    3.837563524   27.804360921  -18.338202908
    3.841096803   27.774398019    3.174694299
    3.844630082   27.810816976   13.459664686
    3.848163361   27.858284325   11.349256244
    3.851696640   27.875724591   -2.356899733
    3.855229919   27.850026107  -13.192738193
    3.858763198   27.810450075   -6.208562972
    3.862296476   27.794055477   -1.771506235
    3.865829755   27.789579770   -1.480513660
    3.869363034   27.789151507    3.617815782
    3.872896313   27.801897193    4.569551291
    3.876429592   27.829975728    9.993426809
    3.879962871   27.863747578    4.669006638
    3.883496150   27.848760794  -14.214311312
    3.887029429   27.785640881  -20.783698641
    3.890562707   27.723343609  -14.166504570
    3.894095986   27.704344862    0.922826857
    3.897629265   27.742310901   16.465602450
    3.901162544   27.802896710   12.478141273
    3.904695823   27.820160118   -2.782382399
    3.908229102   27.777644941  -18.168088040
    3.911762381   27.693373729  -25.921071690
    3.915295660   27.609619079  -17.210170417
    3.918828938   27.572404449   -1.267505740
    3.922362217   27.585633703   10.022681681
    3.925895496   27.627346973   11.005451943
    3.929428775   27.663993046    8.664905612
    3.932962054   27.674135916   -2.538600841
    3.936495333   27.640430885  -16.057160923
    3.940028612   27.585811008  -13.830841215
    3.943561891   27.526898257  -20.028164085
    3.947095170   27.467591651  -14.047923197
    3.950628448   27.421957114  -10.151454480
    3.954161727   27.407102093    2.695763860
    3.957695006   27.415837123   -0.366259747
    3.961228285   27.404795623   -8.429063860
    3.964761564   27.334940594  -30.334586254
    3.968294843   27.226682600  -29.644559164
    3.971828122   27.147989532  -13.119000739
    3.975361401   27.151974832   17.075384447
    3.978894679   27.223357651   21.401400970
    3.982427958   27.260806717    2.404145685
    3.985961237   27.241568046  -13.470592929
    3.989494516   27.181262366  -13.922444346
    3.993027795   27.159618183    4.336988884
    3.996561074   27.195600447   11.925433368
    4.000094353   27.241933795   12.950872942
    4.003627632   27.269256707    1.844491524
    4.007160910   27.253768959   -4.529709136
    4.010694189   27.243188555    1.685341507
    4.014227468   27.264589012   10.702858608
    4.017760747   27.320642913   17.066458130
    4.021294026   27.380113549   15.205167561
    4.024827305   27.414012144    5.057371109
    4.028360584   27.414279662   -1.147300225
    4.031893863   27.410930921   -2.169724210
    4.035427141   27.391969550   -5.811572734
    4.038960420   27.380413789   -3.661911207
    4.042493699   27.368852684   -4.247608125
    4.046026978   27.367724327    3.601741735
    4.049560257   27.380131753    6.576412925
    4.053093536   27.403576773    7.632725209
    4.056626815   27.414911590   -3.044377757
    4.060160094   27.371097050  -17.404085222
    4.063693373   27.311007272  -14.965967543
    4.067226651   27.276132775   -6.140733884
    4.070759930   27.293405616   15.012854169
    4.074293209   27.337768655    9.661372261
    4.077826488   27.370700794   10.444937439
    4.081359767   27.406711612   10.981395102
    4.084893046   27.462529920   23.039747895
    4.088426325   27.552978992   27.260303885
    4.091959604   27.647116160   25.053629431
    4.095492882   27.708741180    9.839025067
    4.099026161   27.725566637   -2.253394649
    4.102559440   27.702339363   -5.570187176
    4.106092719   27.690514719    2.405728099
    4.109625998   27.718371109   10.432897858
    4.113159277   27.742101988    0.765046002
    4.116692556   27.726232411  -10.782384668
    4.120225835   27.676889999  -12.823805086
    4.123759113   27.649017439   -1.285535809
    4.127292392   27.651821472    1.287632409
    4.130825671   27.643752880   -0.258747634
    4.134358950   27.637645561   -5.276567668
    4.137892229   27.601675732  -12.630154558
    4.141425508   27.548411472  -15.134834892
    4.144958787   27.494510674  -15.255150281
    4.148492066   27.471161614    3.266968268
    4.152025344   27.497564166    4.761845773
    4.155558623   27.526957211    9.248111513
    4.159091902   27.529218513   -7.838908598
    4.162625181   27.475911354  -18.589517500
    4.166158460   27.407152517  -22.074336354
    4.169691739   27.357917071   -5.223254618
    4.173225018   27.389004791   21.393390022
    4.176758297   27.477613617   29.078057858
    4.180291576   27.560496364   16.426592965
    4.183824854   27.573578039   -8.077234333
    4.187358133   27.526477274  -14.314438424
    4.190891412   27.498587635    2.015223014
    4.194424691   27.550339950   24.322378930
    4.197957970   27.637973400   23.350231654
    4.201491249   27.696381173    9.761972889
    4.205024528   27.685729232  -13.195835274
    4.208557807   27.635044923  -12.056318100
    4.212091085   27.624923196    6.473814956
    4.215624364   27.690756574   25.711326766
    4.219157643   27.790372087   25.961122943
    4.222690922   27.842048201   -0.261726407
    4.226224201   27.816275235  -12.060684756
    4.229757480   27.772108791   -9.531051843
    4.233290759   27.775948801   13.137095460
    4.236824038   27.847182532   20.672282352
    4.240357316   27.913732037   12.370639280
    4.243890595   27.928488853   -5.975422678
    4.247423874   27.866226592  -24.946807656
    4.250957153   27.780561479  -18.068286405
    4.254490432   27.750590119    2.994716192
    4.258023711   27.794456499   21.392260458
    4.261556990   27.879124729   27.636040487
    4.265090269   27.963229558   15.463792886
    4.268623548   27.984733998   -0.416699628
    4.272156826   27.953563109  -14.693438351
    4.275690105   27.896034067  -11.202625471
    4.279223384   27.877237257   -2.073886444
    4.282756663   27.886000426    1.899122313
    4.286289942   27.887235364   -8.208743237
    4.289823221   27.825522203  -27.262016286
    4.293356500   27.713681461  -34.336501592
    4.296889779   27.612154999  -17.655465114
    4.300423057   27.604405644   11.086729878
    4.303956336   27.676415883   25.811849852
    4.307489615   27.769402655   23.703435982
    4.311022894   27.836906849   16.008738615
    4.314556173   27.892583195   16.347290359
    4.318089452   27.943815743   14.136399032
    4.321622731   27.987036596    8.962403184
    4.325156010   27.988847759  -10.163517632
    4.328689288   27.922177202  -24.431416446
    4.332222567   27.830332035  -21.020554506
    4.335755846   27.796155427   -0.455076927
    4.339289125   27.840792829   24.224471880
    4.342822404   27.928295692   23.203861252
    4.346355683   27.971463608   -1.118120476
    4.349888962   27.925647040  -21.823346940
    4.353422241   27.830464348  -23.597277429
    4.356955519   27.775628857   -6.072942392
    4.360488798   27.805177178   19.575511355
    4.364022077   27.895575061   25.180533646
    4.367555356   27.970789461   16.289593738
    4.371088635   27.991477303   -4.334888813
    4.374621914   27.947012020  -17.463075918
    4.378155193   27.874798595  -20.040443181
    4.381688472   27.830741507   -4.972967530
    4.385221751   27.830699212    5.534643470
    4.388755029   27.866610583   12.599955905
    4.392288308   27.907541148   10.273346414
    4.395821587   27.932051285    2.759161928
    4.399354866   27.931988115   -3.649345100
    4.402888145   27.910586090   -6.475309204
    4.406421424   27.871059165  -15.592339452
    4.409954703   27.816625026  -15.807232806
    4.413487982   27.765295665  -11.920578567
    4.417021260   27.734554875   -4.972002520
    4.420554539   27.757238391   19.267551754
    4.424087818   27.850520762   33.791668172
    4.427621097   27.965883709   31.886135482
    4.431154376   28.053003610   16.499020545
    4.434687655   28.073404402   -4.406880330
    4.438220934   28.041321045  -10.348322832
    4.441754213   28.015633095   -1.414534294
    4.445287491   28.022429474    5.141275426
    4.448820770   28.028778231   -0.226395018
    4.452354049   28.025225743   -3.325979272
    4.455887328   28.012023801   -1.132188539
    4.459420607   28.025696097    7.296425639
    4.462953886   28.057676646   11.861655830
    4.466487165   28.102715021   12.115626075
    4.470020444   28.136800429    6.172447216
    4.473553722   28.161192608    6.151233282
    4.477087001   28.169008406    0.376875974
    4.480620280   28.177600013    2.937636974
    4.484153559   28.171889122   -6.243413719
    4.487686838   28.128585143  -15.895711128
    4.491220117   28.074709755  -15.133828453
    4.494753396   28.027043239  -11.727557330
    4.498286675   27.983314910  -12.221803829
    4.501819954   27.949518837   -7.466011341
    4.505353232   27.935678390    0.880942596
    4.508886511   27.953170205   10.843798899
    4.512419790   27.998108710   13.803342933
    4.515953069   28.055163140   14.908406155
    4.519486348   28.090072462    6.689809258
    4.523019627   28.099641248   -1.844517967
    4.526552906   28.081308017   -8.342893930
    4.530086185   28.049894826   -8.177762240
    4.533619463   28.030207659   -5.624845148
    4.537152742   28.020695497   -0.742845366
    4.540686021   28.025344580    4.984426660
    4.544219300   28.042256257    3.761846864
    4.547752579   28.057586098    4.471565875
    4.551285858   28.063696278   -1.804629947
    4.554819137   28.041966230   -9.527575425
    4.558352416   28.010225374   -5.678484306
    4.561885694   28.019966704   10.420502228
    4.565418973   28.072965649   18.031911030
    4.568952252   28.142210225   19.601218881
    4.572485531   28.192257207    7.097265839
    4.576018810   28.193211435   -6.426269081
    4.579552089   28.164201912   -6.580996214
    4.583085368   28.160089983    8.333301511
    4.586618647   28.227898763   24.789548007
    4.590151925   28.310548845   18.145601044
    4.593685204   28.343383337   -4.625134356
    4.597218483   28.272350623  -32.203326044
    4.600751762   28.160864319  -25.667263218
    4.604285041   28.089890127  -14.799797196
    4.607818320   28.081174272    5.560154066
    4.611351599   28.121568738   13.214778218
    4.614884878   28.134191993   -7.094621502
    4.618418157   28.082957724  -20.613898681
    4.621951435   28.005389137  -18.300564537
    4.625484714   27.969306920   -1.026346685
    4.629017993   27.982567016    5.529521110
    4.632551272   27.993263655   -0.442169728
    4.636084551   27.960513195  -16.309957453
    4.639617830   27.900223524  -16.082489817
    4.643151109   27.852791254   -9.098493428
    4.646684388   27.854623612    3.891979324
    4.650217666   27.878209734    8.389794819
    4.653750945   27.895324575   -1.766042726
    4.657284224   27.870332031  -10.787223730
    4.660817503   27.839270995   -6.058160166
    4.664350782   27.856843301   12.540536506
    4.667884061   27.913832690   18.018152519
    4.671417340   27.962354835    6.536977602
    4.674950619   27.950786483  -13.333316809
    4.678483897   27.895366892  -14.940717095
    4.682017176   27.871406870    3.072827135
    4.685550455   27.903856916   15.150530082
    4.689083734   27.965955231   18.455002973
    4.692617013   28.014555754    9.183977346
    4.696150292   28.028429099   -0.214260431
    4.699683571   28.001319555  -11.930996270
    4.703216850   27.961852191  -11.167478313
    4.706750129   27.926486188  -10.346532144
    4.710283407   27.894105409   -8.164676039
    4.713816686   27.863414070   -8.014942767
    4.717349965   27.842213717   -4.274274132
    4.720883244   27.842727859    3.999491968
    4.724416523   27.863432603    3.004617461
    4.727949802   27.866685211    0.402204585
    4.731483081   27.868820301    1.758526948
    4.735016360   27.886122096    8.590213022
    4.738549638   27.925403940    9.353133247
    4.742082917   27.935373624   -3.441926363
    4.745616196   27.899357277  -18.913734847
    4.749149475   27.817573440  -24.942993056
    4.752682754   27.748733220  -10.161568838
    4.756216033   27.747277314    7.472070986
    4.759749312   27.767570621    4.257839173
    4.763282591   27.733537923  -24.117743723
    4.766815869   27.611981271  -39.880525562
    4.770349148   27.478411414  -31.312755982
    4.773882427   27.431451810    5.309265423
    4.777415706   27.502138070   28.001478267
    4.780948985   27.612141533   28.520668794
    4.784482264   27.674361505    2.213504966
    4.788015543   27.652984464   -9.184528255
    4.791548822   27.624792378   -2.533238912
    4.795082100   27.645929040   16.597400689
    4.798615379   27.734255268   31.584656135
    4.802148658   27.832606936   22.239679094
    4.805681937   27.860109114   -5.667747651
    4.809215216   27.803006443  -25.761605900
    4.812748495   27.700786296  -26.893595197
    4.816281774   27.617206917  -20.549366952
    4.819815053   27.558459205  -14.266186361
    4.823348332   27.527752244   -3.657152246
    4.826881610   27.529475943    3.005463056
    4.830414889   27.536410020    4.632419317
    4.833948168   27.546005758   -0.328376691
    4.837481447   27.538270419   -4.003924578
    4.841014726   27.516677828   -8.357827651
    4.844548005   27.494035174   -3.138144767
    4.848081284   27.478997444   -6.131769452
    4.851614563   27.473587234    1.535418383
    4.855147841   27.485474536    3.876192346
    4.858681120   27.488132178    0.073349692
    4.862214399   27.498804642    9.411386177
    4.865747678   27.532817913   13.135522732
    4.869280957   27.593464002   19.111042986
    4.872814236   27.655346658   16.479177300
    4.876347515   27.684798234    1.457399239
    4.879880794   27.659675246  -10.954024930
    4.883414072   27.609231376  -12.034036145
    4.886947351   27.577974226   -4.483345030
    4.890480630   27.594760092   10.510309677
    4.894013909   27.640012160   13.607099635
    4.897547188   27.672971417    4.153146564
    4.901080467   27.668104879   -2.863769409
    4.904613746   27.665817456    2.113769683
    4.908147025   27.698025232   15.391263429
    4.911680303   27.765850122   19.491062727
    4.915213582   27.825260872   10.250573819
    4.918746861   27.811350889  -12.681059339
    4.922280140   27.737555568  -22.708357499
    4.925813419   27.669586727  -12.427098309
    4.929346698   27.662723861    8.199933329
    4.932879977   27.714940072   19.483329296
    4.936413256   27.753243557    1.218642494
    4.939946535   27.724575186  -16.994596875
    4.943479813   27.662454799  -13.126375683
    4.947013092   27.648370412    9.148734392
    4.950546371   27.712027363   26.222155799
    4.954079650   27.805435186   24.265423832
    4.957612929   27.858756223    5.474766707
    4.961146208   27.848958485   -9.630061789
    4.964679487   27.813430689   -5.258161943
    4.968212766   27.821240536    8.870361492
    4.971746044   27.864952363   11.335565595
    4.975279323   27.885306052   -2.711429063
    4.978812602   27.824480856  -30.470516023
    4.982345881   27.696200113  -38.424995541
    4.985879160   27.596072401  -17.219507623
    4.989412439   27.592964124   13.778733216
    4.992945718   27.656498434   20.034096344
    4.996478997   27.714787399   11.296617659
    5.000012275   27.744267233    5.177677477
    5.003545554   27.763940030    9.816505552
    5.007078833   27.818257392   19.936574232
    5.010612112   27.898794187   23.733810818
    5.014145391   27.981213212   21.429228339
    5.017678670   28.041803733   13.245801973
    5.021211949   28.075523982    7.180489503
    5.024745228   28.098349306    9.037012433
    5.028278506   28.132556886   11.166823388
    5.031811785   28.171401094    8.778085537
    5.035345064   28.195226900    5.675161721
    5.038878343   28.216114170    7.370443742
    5.042411622   28.269629844   21.027458233
    5.045944901   28.345032570   22.941152170
    5.049478180   28.415791632   14.965062417
    5.053011459   28.453237744    7.221708965
    5.056544738   28.463653041    0.915216521
    5.060078016   28.470720244    3.218817887
    5.063611295   28.498121061   10.424626218
    5.067144574   28.540796597   12.547237134
    5.070677853   28.577958776   10.045373327
    5.074211132   28.611340771   11.878076869
    5.077744411   28.674467081   23.301088238
    5.081277690   28.778517604   32.458617565
    5.084810969   28.900311949   34.569562932
    5.088344247   28.998893639   21.603512043
    5.091877526   29.050046355    6.336832822
    5.095410805   29.051522178   -1.338959517
    5.098944084   29.044729277    3.482305518
    5.102477363   29.078639016   14.963400844
    5.106010642   29.152411949   26.112602782
    5.109543921   29.240234761   19.416000463
    5.113077200   29.270575949   -5.355716354
    5.116610478   29.213981750  -19.481558949
    5.120143757   29.159045634  -10.547226907
    5.123677036   29.175175456   19.798958486
    5.127210315   29.274844186   36.002973031
    5.130743594   29.414327636   38.789738353
    5.134276873   29.528140285   22.207568158
    5.137810152   29.576288356    8.959590624
    5.141343431   29.599231342    7.674102544
    5.144876710   29.645434947   20.633843837
    5.148409988   29.732088815   28.535491721
    5.151943267   29.827023703   21.777587410
    5.155476546   29.883480613    6.573974811
    5.159009825   29.877761260   -7.661357944
    5.162543104   29.850327474   -6.730899139
    5.166076383   29.851974809    3.818265765
    5.169609662   29.876118318   10.489651308
    5.173142941   29.921574013   15.969206624
    5.176676219   29.989507490   25.049725148
    5.180209498   30.087823929   27.440416905
    5.183742777   30.188311271   30.485993846
    5.187276056   30.283089812   24.186012848
    5.190809335   30.344990396   10.192035736
    5.194342614   30.378725820    9.303565877
    5.197875893   30.416069645   13.284049297
    5.201409172   30.480041953   20.720525109
    5.204942450   30.555801159   20.846302860
    5.208475729   30.617581388   13.981008105
    5.212009008   30.643509273    2.927198716
    5.215542287   30.658773287    8.864488379
    5.219075566   30.705770006   21.346879679
    5.222608845   30.807420327   34.636495601
    5.226142124   30.934550100   31.823822179
    5.229675403   31.029716046   18.315655909
    5.233208681   31.068191757    6.083696579
    5.236741960   31.087974732    4.775489957
    5.240275239   31.118428443   15.683338152
    5.243808518   31.212661587   35.002011453
    5.247341797   31.361199202   46.995898459
    5.250875076   31.518584297   38.839626419
    5.254408355   31.631328446   22.853903591
    5.257941634   31.650302503  -10.491344647
    5.261474913   31.573758034  -28.702224030
    5.265008191   31.493465237   -9.301746488
    5.268541470   31.558251763   53.085454703
    5.272074749   31.865772056  111.783434023
    5.275608028   32.247667572   87.787884728
    5.279141307   32.348781889  -44.480114602
    5.282674586   31.939449414 -168.517190976
    5.286207865   31.355261216 -124.059185035
    5.289741144   31.317707380  129.591516138
    5.293274422   32.307122833  402.200716144
    5.296807701   33.743297454  330.137982993
    5.300340980   34.073439333 -205.254620142
    5.303874259   32.215925688 -786.145215013
    5.307407538   29.502890343 -530.451833130
    5.310940817   30.392482584 1331.300607217
    5.314474096   40.846392443 4796.469703968
    5.318007375   65.045526711 8884.375672659
    5.321540653  102.616063862 12126.669713786
    5.325073932  148.376849277 13398.009529791
    5.328607211  194.659114805 12466.485442734
    5.332140490  234.627711934 9980.945401562
    5.335673769  264.565481278 6959.783639892
    5.339207048  284.209170096 4262.154798845
    5.342740327  295.566823900 2299.231368184
    5.346273606  301.345358917 1085.950063346
    5.349806884  303.894984556  431.772557549
    5.353340163  304.828876737  141.332094705
    5.356873442  305.096503069   30.248115800
    5.360406721  305.136713782    1.531419703
    5.363940000  305.138178434   -0.000000000
