#! FIELDS D0 file.free der_D0
#! SET min_D0 0.19818
#! SET max_D0 3.59049
#! SET nbins_D0  961
#! SET periodic_D0 false
    0.198180000  222.152956506   -0.316670772
    0.201713656  222.145988377   -4.327291981
    0.205247313  222.088142589  -32.606828411
    0.208780969  221.859911652 -108.238412569
    0.212314625  221.199383952 -288.269032617
    0.215848281  219.616008515 -643.634910845
    0.219381938  216.337839563 -1261.960237335
    0.222915594  210.325583863 -2191.692169559
    0.226449250  200.552350341 -3372.649208034
    0.229982906  186.427092418 -4609.521598364
    0.233516562  168.274873546 -5595.816137690
    0.237050219  147.511066378 -6047.273912498
    0.240583875  126.331716802 -5832.843639656
    0.244117531  106.951152408 -5064.162214851
    0.247651188   90.834039963 -4044.158432173
    0.251184844   78.288650378 -3089.666797727
    0.254718500   68.671266142 -2407.172651576
    0.258252156   60.925756502 -2020.535488972
    0.261785812   54.171745452 -1821.169105088
    0.265319469   47.998637667 -1671.188436918
    0.268853125   42.404899626 -1484.043336615
    0.272386781   37.573394637 -1243.226896601
    0.275920438   33.618033591 -996.061776428
    0.279454094   30.490115295 -782.961257851
    0.282987750   28.009148776 -631.125557453
    0.286521406   25.967179466 -532.783636324
    0.290055063   24.214474913 -462.205786670
    0.293588719   22.685261050 -406.352688544
    0.297122375   21.330845675 -363.227085363
    0.300656031   20.094729932 -341.647812278
    0.304189687   18.903521740 -335.754337982
    0.307723344   17.695285475 -348.000561857
    0.311257000   16.433533903 -371.542977958
    0.314790656   15.077313607 -395.949067568
    0.318324313   13.619999136 -428.000025475
    0.321857969   12.085353174 -437.418200019
    0.325391625   10.560349095 -422.869666879
    0.328925281    9.131292714 -383.146964422
    0.332458937    7.865208390 -333.821018477
    0.335992594    6.760993156 -293.017695959
    0.339526250    5.766842146 -271.441799353
    0.343059906    4.833705077 -257.417816416
    0.346593563    3.947498645 -239.861614485
    0.350127219    3.153484439 -207.766563565
    0.353660875    2.480656744 -173.686921960
    0.357194531    1.895172523 -159.583098062
    0.360728188    1.356696304 -145.498410122
    0.364261844    0.869607149 -129.852373749
    0.367795500    0.454541669 -100.564479029
    0.371329156    0.167990284  -61.241457470
    0.374862812    0.024823957  -21.064105971
    0.378396469    0.000000000    3.688870033
    0.381930125    0.039787828   13.713167207
    0.385463781    0.102431698   22.615958087
    0.388997438    0.197371369   33.686193333
    0.392531094    0.365614058   62.179138375
    0.396064750    0.634504984   87.191852616
    0.399598406    0.975811258  102.546714162
    0.403132062    1.336789081  101.895473465
    0.406665719    1.688573854   98.471968708
    0.410199375    2.039624286  101.617315221
    0.413733031    2.411380892  107.743872202
    0.417266688    2.796716366  110.753167361
    0.420800344    3.183753485  107.077280417
    0.424334000    3.541334765   95.444861360
    0.427867656    3.854421566   84.404154466
    0.431401313    4.159092590   87.586040811
    0.434934969    4.477151669   91.855647757
    0.438468625    4.800536619   89.379749985
    0.442002281    5.096934513   74.192216278
    0.445535937    5.321690515   51.035307456
    0.449069594    5.467370908   32.233872323
    0.452603250    5.564854509   22.540864169
    0.456136906    5.642398910   23.664324573
    0.459670563    5.715922819   19.088097807
    0.463204219    5.772007778   13.255131097
    0.466737875    5.801926913    4.072785792
    0.470271531    5.809561435   -0.325070345
    0.473805188    5.801166865   -2.363737518
    0.477338844    5.791219895   -2.492791406
    0.480872500    5.776168982   -8.392835947
    0.484406156    5.737462379  -13.043669583
    0.487939813    5.689345570  -14.438481332
    0.491473469    5.643811021  -11.476608351
    0.495007125    5.608812455   -8.270802485
    0.498540781    5.578634305   -8.646453331
    0.502074438    5.536317349  -16.183477081
    0.505608094    5.470654608  -21.045480578
    0.509141750    5.401549511  -17.045519432
    0.512675406    5.361995725   -6.692557236
    0.516209062    5.360493451    2.933140393
    0.519742719    5.390466474   11.099962829
    0.523276375    5.426057656    6.920527364
    0.526810031    5.439078242    0.930489391
    0.530343688    5.424441172   -8.499486115
    0.533877344    5.376182525  -16.477208658
    0.537411000    5.301102520  -22.698809300
    0.540944656    5.221065318  -22.839215604
    0.544478313    5.147953070  -17.725055914
    0.548011969    5.099860551   -9.527869676
    0.551545625    5.070318167   -8.868096987
    0.555079281    5.042960708   -5.995454670
    0.558612938    5.025742300   -4.532635727
    0.562146594    5.013246748   -2.498621561
    0.565680250    5.019920683    5.336946640
    0.569213906    5.049353876   11.025330635
    0.572747563    5.085226061    9.408299185
    0.576281219    5.114235388    6.526844481
    0.579814875    5.137628185    9.065820226
    0.583348531    5.176798946   12.211355922
    0.586882187    5.229369810   15.473996368
    0.590415844    5.269777971    5.351242276
    0.593949500    5.256801458  -12.734452287
    0.597483156    5.193700318  -20.340158307
    0.601016813    5.137044138  -10.641829331
    0.604550469    5.133713822   12.556658055
    0.608084125    5.204554935   26.481363399
    0.611617781    5.295120122   20.581189987
    0.615151438    5.349002382    8.481089820
    0.618685094    5.365131840    1.983112394
    0.622218750    5.383653737    8.569655604
    0.625752406    5.443880451   24.628244531
    0.629286063    5.546866262   30.236453731
    0.632819719    5.646235700   23.399833387
    0.636353375    5.716768398   15.850207777
    0.639887031    5.766607567   14.219416125
    0.643420688    5.820212445   16.382032635
    0.646954344    5.892958442   25.282219638
    0.650488000    5.993005474   31.504010879
    0.654021656    6.088732551   23.199393269
    0.657555312    6.154948451   12.953335389
    0.661088969    6.179581652    2.264233653
    0.664622625    6.191256663    5.557509529
    0.668156281    6.243675676   23.512973087
    0.671689938    6.335335421   26.232538207
    0.675223594    6.422063151   21.673819650
    0.678757250    6.465478286    3.371974995
    0.682290906    6.451145654   -8.905174159
    0.685824563    6.425352951   -3.224637256
    0.689358219    6.434363394    9.851468699
    0.692891875    6.488178962   16.946591082
    0.696425531    6.542996541    9.746283282
    0.699959188    6.552367306   -5.145856587
    0.703492844    6.528176618   -6.666282107
    0.707026500    6.521854775    5.233624323
    0.710560156    6.575341985   23.538475643
    0.714093813    6.674174718   29.681503845
    0.717627469    6.774710612   25.060908091
    0.721161125    6.837355843   11.458207102
    0.724694781    6.853246029    1.378868970
    0.728228438    6.859838982    5.775275642
    0.731762094    6.902820520   17.154926520
    0.735295750    6.984271267   28.818082387
    0.738829406    7.110361408   37.830279267
    0.742363063    7.237501616   33.599827351
    0.745896719    7.347048229   28.970026659
    0.749430375    7.433140722   22.479460397
    0.752964031    7.504169278   20.621430915
    0.756497688    7.592929874   30.798658015
    0.760031344    7.713923413   36.883636361
    0.763565000    7.845799903   37.324005627
    0.767098656    7.968569049   32.715255074
    0.770632313    8.066416920   22.487044537
    0.774165969    8.145938591   23.197063050
    0.777699625    8.232213605   27.413840868
    0.781233281    8.335789448   29.339800281
    0.784766938    8.436036256   25.970079423
    0.788300594    8.508808401   12.330584765
    0.791834250    8.525807215   -2.481148346
    0.795367906    8.512435052   -1.606688177
    0.798901563    8.530931670   14.674986031
    0.802435219    8.614246824   29.922691512
    0.805968875    8.721896790   31.909391647
    0.809502531    8.821251487   22.910318279
    0.813036188    8.879346079   11.430116829
    0.816569844    8.915950900   12.476878958
    0.820103500    8.984607043   26.423638695
    0.823637156    9.097742468   36.438316288
    0.827170813    9.226115231   31.754614424
    0.830704469    9.301852223   10.461997707
    0.834238125    9.311464500   -3.940696875
    0.837771781    9.294555336   -1.839518019
    0.841305438    9.304838993    8.018322678
    0.844839094    9.360550968   20.587129645
    0.848372750    9.424170013   13.474934321
    0.851906406    9.454857983    6.248086739
    0.855440063    9.465812426    1.859926065
    0.858973719    9.482211344    5.454291142
    0.862507375    9.500884249    2.422936028
    0.866041031    9.507758212    1.341798792
    0.869574688    9.503967467   -4.754094051
    0.873108344    9.484928406   -5.780425224
    0.876642000    9.461483353   -5.043305293
    0.880175656    9.443211085   -5.204459782
    0.883709313    9.427752629   -2.637770238
    0.887242969    9.412425438   -3.227828028
    0.890776625    9.407973021    0.010779297
    0.894310281    9.410022004    0.242528506
    0.897843938    9.415023790    0.902772405
    0.901377594    9.418928324   -0.268990077
    0.904911250    9.409705377   -5.638569140
    0.908444906    9.392748236   -5.077349246
    0.911978563    9.365720538   -8.998310773
    0.915512219    9.338478263   -9.120983658
    0.919045875    9.311950920   -5.527208782
    0.922579531    9.310861305    7.431891815
    0.926113188    9.356686003   18.844956086
    0.929646844    9.441719678   26.855048526
    0.933180500    9.534511769   26.019520047
    0.936714156    9.615232391   16.880929959
    0.940247813    9.654093935    3.879016925
    0.943781469    9.664815915    4.033712623
    0.947315125    9.696043323   15.732396532
    0.950848781    9.772729730   27.248067599
    0.954382438    9.887885591   34.551145002
    0.957916094    9.999925266   28.215014479
    0.961449750   10.078589434   18.812333149
    0.964983406   10.133767045   14.825623781
    0.968517063   10.200664378   22.285928855
    0.972050719   10.297066718   27.270754941
    0.975584375   10.387420753   21.658801048
    0.979118031   10.439684845    7.285840105
    0.982651688   10.457610704    6.394767093
    0.986185344   10.513686827   27.552541858
    0.989719000   10.668373468   56.537229597
    0.993252656   10.892018243   65.600367445
    0.996786313   11.082108409   39.695519045
    1.000319969   11.166949372   10.421064562
    1.003853625   11.180614895    3.676357758
    1.007387281   11.217374579   20.410729663
    1.010920938   11.347098581   50.293848210
    1.014454594   11.549819606   60.370738967
    1.017988250   11.746056345   46.085638268
    1.021521906   11.869467523   26.707809610
    1.025055562   11.943477940   18.784626529
    1.028589219   12.027331490   29.322798021
    1.032122875   12.152013062   40.181190227
    1.035656531   12.299402835   39.252622625
    1.039190188   12.410724893   23.749034107
    1.042723844   12.476006677   13.224177624
    1.046257500   12.519687219   14.303105242
    1.049791156   12.594507665   29.243923877
    1.053324813   12.732364403   44.600425361
    1.056858469   12.902542865   50.590718010
    1.060392125   13.070738181   41.005521320
    1.063925781   13.194557819   29.755047067
    1.067459437   13.274848916   17.303831740
    1.070993094   13.333792995   18.554462327
    1.074526750   13.400546661   20.252992212
    1.078060406   13.474531246   22.028139210
    1.081594063   13.544350281   16.187084081
    1.085127719   13.595902947   14.354679559
    1.088661375   13.648195026   16.107771366
    1.092195031   13.719768292   25.614933967
    1.095728688   13.813060941   27.912558473
    1.099262344   13.915063813   27.893319060
    1.102796000   13.996863878   17.409526842
    1.106329656   14.040569457    7.329898940
    1.109863313   14.061644469    5.771010124
    1.113396969   14.100825929   17.113519503
    1.116930625   14.174324040   26.104889756
    1.120464281   14.279923671   30.805403388
    1.123997937   14.380534726   25.989483985
    1.127531594   14.459432500   20.722241118
    1.131065250   14.530838687   18.073964500
    1.134598906   14.606610885   25.880819778
    1.138132563   14.701320210   27.867477080
    1.141666219   14.808776690   31.392034606
    1.145199875   14.914761195   24.264470135
    1.148733531   14.978139315   12.806923137
    1.152267188   15.001869545    3.580290115
    1.155800844   15.030378293   14.063507242
    1.159334500   15.097634602   25.373450633
    1.162868156   15.193888546   28.534296538
    1.166401812   15.277222300   18.749300891
    1.169935469   15.322199615    5.869364130
    1.173469125   15.324822902   -0.337228858
    1.177002781   15.333083501    6.878795935
    1.180536438   15.376399269   14.779704613
    1.184070094   15.428679986   11.979860199
    1.187603750   15.444269375   -3.060422491
    1.191137406   15.415279647  -11.042467455
    1.194671063   15.390151909    3.456208678
    1.198204719   15.447973057   32.173367628
    1.201738375   15.605357828   51.867897115
    1.205272031   15.787942690   48.181723919
    1.208805688   15.923253616   27.729240304
    1.212339344   15.987841439    9.152024297
    1.215873000   15.995248966   -5.318953016
    1.219406656   15.971562670   -7.593611328
    1.222940313   15.946581135   -4.224696952
    1.226473969   15.951434642    7.775557549
    1.230007625   15.992060301   14.536515253
    1.233541281   16.046317795   14.401937708
    1.237074938   16.081763155    2.611473542
    1.240608594   16.065490553  -10.781874834
    1.244142250   16.026346566   -5.871107012
    1.247675906   16.037239577   11.121929341
    1.251209563   16.114750692   27.776203020
    1.254743219   16.207546061   20.309592535
    1.258276875   16.237295402   -3.329693615
    1.261810531   16.188848919  -18.185642595
    1.265344188   16.148257550    0.396486081
    1.268877844   16.213261970   36.830296104
    1.272411500   16.373219438   47.897687478
    1.275945156   16.520043531   30.403737618
    1.279478813   16.568637419   -3.140492091
    1.283012469   16.510421614  -26.291482736
    1.286546125   16.430736179  -12.388328813
    1.290079781   16.441981067   20.162510034
    1.293613438   16.556291292   40.776951041
    1.297147094   16.695451176   32.946797643
    1.300680750   16.778185810   12.038919580
    1.304214406   16.789937617   -3.001607481
    1.307748063   16.780814741    1.355346840
    1.311281719   16.817640424   18.795867627
    1.314815375   16.911246810   31.579304794
    1.318349031   17.013401029   22.843208163
    1.321882688   17.077836833   10.660715450
    1.325416344   17.105940001    6.677527138
    1.328950000   17.141219857   13.949624683
    1.332483656   17.203633866   19.987337188
    1.336017313   17.263760884   13.836499836
    1.339550969   17.280678186   -4.216217392
    1.343084625   17.242378757  -14.150735105
    1.346618281   17.213531887    0.439815536
    1.350151938   17.254881715   23.125654913
    1.353685594   17.370149570   39.134042022
    1.357219250   17.524808154   43.886273807
    1.360752906   17.649701142   27.365715425
    1.364286563   17.706945789    7.351173139
    1.367820219   17.717146964    0.111676017
    1.371353875   17.732795803   10.080152520
    1.374887531   17.783427730   17.389530411
    1.378421188   17.855501540   21.697493349
    1.381954844   17.928265418   19.339861131
    1.385488500   17.996709313   16.352745293
    1.389022156   18.048940239   14.610597471
    1.392555813   18.102983702   12.798699238
    1.396089469   18.150551998   15.204647440
    1.399623125   18.203282673   14.587592163
    1.403156781   18.256443439   13.088456614
    1.406690438   18.308334869   19.027739672
    1.410224094   18.378731834   19.805719358
    1.413757750   18.461891549   27.857228508
    1.417291406   18.566391067   32.225964254
    1.420825063   18.677722816   29.556465551
    1.424358719   18.771292708   21.626439597
    1.427892375   18.835012773   11.432047057
    1.431426031   18.858447416    2.982583048
    1.434959688   18.864766469    0.384180555
    1.438493344   18.870953447    4.110624617
    1.442027000   18.907020032   17.611480892
    1.445560656   18.993479670   29.185136572
    1.449094313   19.110229424   34.772479342
    1.452627969   19.225002013   29.394098077
    1.456161625   19.310303009   17.173996072
    1.459695281   19.366449707   14.523321428
    1.463228938   19.423278565   17.676006050
    1.466762594   19.493388827   22.525497502
    1.470296250   19.576488954   22.901703806
    1.473829906   19.646079300   13.977893540
    1.477363563   19.684511368    9.495169566
    1.480897219   19.706796751    2.226409612
    1.484430875   19.722626304    6.621216833
    1.487964531   19.748864713   10.417320134
    1.491498188   19.795885267   15.593132463
    1.495031844   19.858308446   19.427071400
    1.498565500   19.940497760   25.827142596
    1.502099156   20.037861368   29.921828295
    1.505632813   20.148629428   29.763659977
    1.509166469   20.257619179   32.343032815
    1.512700125   20.381788632   38.707823824
    1.516233781   20.524105580   41.122356746
    1.519767438   20.659767480   33.969820244
    1.523301094   20.758528027   23.561793544
    1.526834750   20.823454119   15.279994564
    1.530368406   20.877757070   18.717217785
    1.533902063   20.967274872   31.769469182
    1.537435719   21.084744936   33.588269569
    1.540969375   21.194942885   26.418777547
    1.544503031   21.255576397    7.296396765
    1.548036688   21.267360307    2.318260581
    1.551570344   21.284001434    9.409039723
    1.555104000   21.343953954   22.938433308
    1.558637656   21.443276423   31.167512792
    1.562171313   21.537525280   21.722301143
    1.565704969   21.595081133   11.756979103
    1.569238625   21.635882047   13.603440983
    1.572772281   21.700800601   23.091823996
    1.576305938   21.803215339   34.109987356
    1.579839594   21.931751930   37.491762512
    1.583373250   22.050862033   28.551572851
    1.586906906   22.132580413   19.607207835
    1.590440563   22.182020609    9.898966699
    1.593974219   22.213223407    9.603611962
    1.597507875   22.247457739   12.140424559
    1.601041531   22.301621634   18.150622250
    1.604575188   22.377235136   25.207458259
    1.608108844   22.463394884   22.904815657
    1.611642500   22.543227827   20.309825905
    1.615176156   22.598810678   10.024968539
    1.618709813   22.619179634    2.036239081
    1.622243469   22.628870378    4.751528006
    1.625777125   22.656152322   10.124712223
    1.629310781   22.701114265   13.690548503
    1.632844438   22.748287872   13.788856786
    1.636378094   22.786878498    8.396917038
    1.639911750   22.813825078    8.468151634
    1.643445406   22.842620083    9.004967052
    1.646979063   22.891458754   19.966173324
    1.650512719   22.967733111   23.333931564
    1.654046375   23.048679979   20.501887173
    1.657580031   23.107528717   10.426552869
    1.661113688   23.116577221   -3.486718046
    1.664647344   23.096818726   -6.118961360
    1.668181000   23.094869494    6.396758657
    1.671714656   23.131389867   13.525146886
    1.675248313   23.188202955   17.782890396
    1.678781969   23.243606891   14.647804776
    1.682315625   23.302837158   18.975379040
    1.685849281   23.380178277   23.045693282
    1.689382938   23.454080443   18.638501386
    1.692916594   23.516446900   14.785366023
    1.696450250   23.546136488    1.707210418
    1.699983906   23.525229902  -11.144581122
    1.703517563   23.485817940  -12.252782668
    1.707051219   23.454659131   -2.729750191
    1.710584875   23.469420223    9.961327547
    1.714118531   23.516665069   17.787597779
    1.717652188   23.582023819   19.672853470
    1.721185844   23.646432050   17.409520908
    1.724719500   23.711777082   15.866733679
    1.728253156   23.761587649    9.456892519
    1.731786813   23.777961516    1.361079871
    1.735320469   23.776396394    0.726775029
    1.738854125   23.785985386    6.600969250
    1.742387781   23.809888228    7.305482704
    1.745921438   23.831835855    2.262687759
    1.749455094   23.822782207   -7.424374761
    1.752988750   23.779574228  -15.727738888
    1.756522406   23.717865133  -17.670142246
    1.760056063   23.667812833   -8.315764801
    1.763589719   23.669044054    7.959276013
    1.767123375   23.707599061   13.040693406
    1.770657031   23.754803512   12.520151919
    1.774190688   23.791748613    8.928860370
    1.777724344   23.829435568   15.159241521
    1.781258000   23.895938945   22.832487149
    1.784791656   23.988352595   26.866817912
    1.788325313   24.072623757   17.392943293
    1.791858969   24.103299566    0.825498706
    1.795392625   24.084233481  -11.613707908
    1.798926281   24.043874106  -11.552546406
    1.802459938   24.008733966   -5.925587457
    1.805993594   24.004471194    3.138350401
    1.809527250   24.022414239    8.528308281
    1.813060906   24.057304966   11.599327853
    1.816594563   24.096793968    8.145987180
    1.820128219   24.125334888    7.956258746
    1.823661875   24.154705024    9.374980451
    1.827195531   24.185612003    8.306384810
    1.830729188   24.203699597    1.656984228
    1.834262844   24.187138896  -10.412882511
    1.837796500   24.143142297  -13.541187233
    1.841330156   24.103153048   -7.941011070
    1.844863813   24.091008033    3.294108738
    1.848397469   24.114019875    6.899114475
    1.851931125   24.125348766   -3.298450236
    1.855464781   24.080508812  -23.050262840
    1.858998438   23.983834910  -29.388361653
    1.862532094   23.898758893  -14.407943929
    1.866065750   23.891896062    9.397573036
    1.869599406   23.954461149   23.228100351
    1.873133063   24.025600758   16.234367439
    1.876666719   24.048744995   -3.346599436
    1.880200375   24.029452385   -5.321087581
    1.883734031   24.023701290    4.958579258
    1.887267688   24.069059149   20.515660649
    1.890801344   24.168252698   32.277432165
    1.894335000   24.269173606   21.295061105
    1.897868656   24.309808523    2.917796330
    1.901402313   24.293837286   -8.385706856
    1.904935969   24.265447003   -3.943439277
    1.908469625   24.278348047    9.808970043
    1.912003281   24.330258251   17.150523328
    1.915536938   24.379980478    8.196143113
    1.919070594   24.386898630   -6.724825613
    1.922604250   24.349903805  -12.471966433
    1.926137906   24.304887994  -11.265223801
    1.929671563   24.278625770   -1.617126061
    1.933205219   24.282426187    3.092930868
    1.936738875   24.292502398    1.742138014
    1.940272531   24.285544555   -2.963379177
    1.943806188   24.271966944   -2.093419046
    1.947339844   24.275346541    7.008183189
    1.950873500   24.322710544   17.964754925
    1.954407156   24.380165603   12.859215289
    1.957940813   24.405093929   -0.374817983
    1.961474469   24.371852591  -17.170054129
    1.965008125   24.305119815  -17.228256737
    1.968541781   24.277803581    4.703571253
    1.972075438   24.330675525   24.784615087
    1.975609094   24.434440109   28.616551665
    1.979142750   24.507837105    9.689055833
    1.982676406   24.496839188  -16.298392750
    1.986210063   24.416145411  -25.905108258
    1.989743719   24.352448167   -8.228402922
    1.993277375   24.375324311   21.174196038
    1.996811031   24.476982097   32.516237025
    2.000344688   24.577349082   21.944520189
    2.003878344   24.612316823   -1.988897673
    2.007412000   24.580258791  -15.618528070
    2.010945656   24.534386643   -6.352626854
    2.014479313   24.540109289   10.592834264
    2.018012969   24.598392824   20.445176438
    2.021546625   24.666483485   16.394260836
    2.025080281   24.696273528    0.863647489
    2.028613938   24.680029673   -9.380026438
    2.032147594   24.643108782  -11.487279376
    2.035681250   24.612993478   -2.878858992
    2.039214906   24.618006620    6.164972450
    2.042748562   24.640750669    7.954985529
    2.046282219   24.669168591    6.306559886
    2.049815875   24.698312298   10.090524559
    2.053349531   24.743186831   13.906721653
    2.056883187   24.810875086   22.521680570
    2.060416844   24.896498300   24.322715101
    2.063950500   24.971866570   17.090740485
    2.067484156   24.998777739   -0.739005636
    2.071017813   24.975259088  -10.545567847
    2.074551469   24.937002965   -6.147954510
    2.078085125   24.932804597    2.277026163
    2.081618781   24.965192207    9.757549635
    2.085152438   24.992129313    2.929881570
    2.088686094   24.974131522  -12.649372867
    2.092219750   24.915122518  -18.220986369
    2.095753406   24.869980158   -5.478138769
    2.099287063   24.882589215   11.107442521
    2.102820719   24.932978592   13.350249929
    2.106354375   24.962646272    3.717678287
    2.109888031   24.950937101   -9.479140208
    2.113421688   24.915593871   -6.670354174
    2.116955344   24.915078509    8.090682342
    2.120489000   24.972068305   21.048670184
    2.124022656   25.049536007   19.748479747
    2.127556312   25.111543826   13.260413828
    2.131089969   25.132151490   -0.872127940
    2.134623625   25.115665350   -8.138340895
    2.138157281   25.082515412   -8.351832649
    2.141690937   25.047676296   -9.652715530
    2.145224594   25.013293581  -10.260601117
    2.148758250   24.966880364  -14.816301787
    2.152291906   24.919257478  -14.647505110
    2.155825563   24.871772552  -13.559625738
    2.159359219   24.835307536   -7.354091126
    2.162892875   24.830790110    8.040884734
    2.166426531   24.901298024   30.233033087
    2.169960188   25.031578148   39.456666851
    2.173493844   25.159536176   28.381624952
    2.177027500   25.219375095    4.002878960
    2.180561156   25.193764961  -15.844257582
    2.184094813   25.128289050  -15.684675615
    2.187628469   25.098956704    2.064198837
    2.191162125   25.135352099   16.543045767
    2.194695781   25.213181036   22.792320770
    2.198229437   25.278581872   11.591640700
    2.201763094   25.275971202  -11.107033996
    2.205296750   25.228223487  -12.736377585
    2.208830406   25.206389811    1.393947957
    2.212364062   25.237176341   18.310234602
    2.215897719   25.318545737   24.435757361
    2.219431375   25.392412790   15.480594086
    2.222965031   25.424097665    2.011121038
    2.226498687   25.405882566  -10.136996584
    2.230032344   25.381809830   -2.812175420
    2.233566000   25.387593095    7.726444201
    2.237099656   25.433377029   15.177179907
    2.240633312   25.473948880    3.978024067
    2.244166969   25.471666357   -6.018270718
    2.247700625   25.454089238   -2.866594088
    2.251234281   25.469535068   13.884688588
    2.254767938   25.555811221   34.731077944
    2.258301594   25.696743537   42.000205434
    2.261835250   25.828879681   25.757315745
    2.265368906   25.883852616    4.062945346
    2.268902563   25.857091538  -17.917234137
    2.272436219   25.776435366  -24.452945917
    2.275969875   25.710093230  -10.816483277
    2.279503531   25.701995714    6.049014530
    2.283037188   25.742034309   14.622765965
    2.286570844   25.782264951    5.418718296
    2.290104500   25.767673166  -14.058048374
    2.293638156   25.698661914  -22.141930821
    2.297171812   25.642605692   -5.850855930
    2.300705469   25.672405695   23.450372776
    2.304239125   25.785210866   38.700531434
    2.307772781   25.913353839   28.097487271
    2.311306437   25.961638842   -2.628104833
    2.314840094   25.927097616  -14.805914252
    2.318373750   25.889543270   -4.130283005
    2.321907406   25.910489617   17.544048206
    2.325441062   26.003685386   30.521657651
    2.328974719   26.097427879   17.154773893
    2.332508375   26.114880772  -10.261745531
    2.336042031   26.051364523  -23.404532051
    2.339575688   25.979463025  -15.608334464
    2.343109344   25.959330605    4.725534388
    2.346643000   25.979372918    4.792454301
    2.350176656   25.977110255   -7.649098673
    2.353710313   25.917946499  -23.249734193
    2.357243969   25.837955014  -18.292245602
    2.360777625   25.806497145    2.295233756
    2.364311281   25.839728718   14.453012523
    2.367844938   25.893891642   11.549638860
    2.371378594   25.908709880   -1.168839466
    2.374912250   25.891198344   -4.692757610
    2.378445906   25.894412993   10.713939045
    2.381979563   25.974060351   33.689108345
    2.385513219   26.121403582   43.184267520
    2.389046875   26.240713971   19.250239683
    2.392580531   26.242831016  -16.697445680
    2.396114187   26.139550602  -36.357050042
    2.399647844   26.014090013  -32.878528068
    2.403181500   25.930000243  -12.956759541
    2.406715156   25.920647899    1.798696666
    2.410248812   25.949244221   10.160599113
    2.413782469   25.985626618    9.216086451
    2.417316125   26.006799848    5.093207001
    2.420849781   26.029056331    8.193973751
    2.424383437   26.065144189   14.970621690
    2.427917094   26.128150370   21.158142026
    2.431450750   26.211316639   25.528468781
    2.434984406   26.291984647   19.440129547
    2.438518063   26.345041659    8.702695574
    2.442051719   26.357568028   -2.894372579
    2.445585375   26.314949667  -19.716314775
    2.449119031   26.226042981  -26.252761623
    2.452652688   26.136856882  -20.425192929
    2.456186344   26.096597404   -0.570482548
    2.459720000   26.118770760   12.537110618
    2.463253656   26.168534876   13.336042294
    2.466787313   26.193483158    0.113002350
    2.470320969   26.172482693  -11.018457590
    2.473854625   26.134856677   -6.634696718
    2.477388281   26.135308528    5.298223397
    2.480921938   26.177128788   17.905791277
    2.484455594   26.239577769   14.783860779
    2.487989250   26.271451975    3.634867777
    2.491522906   26.266689653   -2.718827033
    2.495056562   26.259136399    2.634252321
    2.498590219   26.287525116   14.087276049
    2.502123875   26.349575886   19.671657388
    2.505657531   26.400124348    7.030095900
    2.509191187   26.399985238   -6.765238339
    2.512724844   26.364635489  -11.527557956
    2.516258500   26.332097994   -4.930356841
    2.519792156   26.328998373    5.048709521
    2.523325812   26.354336309    9.768410155
    2.526859469   26.393288839   13.263094817
    2.530393125   26.427937956   10.492638606
    2.533926781   26.465275647    9.276699258
    2.537460438   26.489034882    3.930140387
    2.540994094   26.493392788   -1.703656077
    2.544527750   26.486331220    0.814349145
    2.548061406   26.510852749   12.587246568
    2.551595063   26.578598506   23.316968344
    2.555128719   26.653331191   15.047267056
    2.558662375   26.661382396  -11.073706746
    2.562196031   26.577972516  -33.686408893
    2.565729688   26.445089756  -36.868779237
    2.569263344   26.351139348  -14.421149505
    2.572797000   26.350689835   12.178687699
    2.576330656   26.418042286   23.276925597
    2.579864312   26.492614039   15.008058423
    2.583397969   26.508897373   -4.731667403
    2.586931625   26.477449319   -9.604968939
    2.590465281   26.457766539    1.481604577
    2.593998937   26.481251186   12.141546966
    2.597532594   26.526364138    8.954219934
    2.601066250   26.538100562   -0.117342821
    2.604599906   26.518443647  -11.395545419
    2.608133562   26.475405845  -11.478108596
    2.611667219   26.443822591   -6.691532864
    2.615200875   26.431618937   -1.327843424
    2.618734531   26.432316514    0.079744564
    2.622268188   26.437105153    0.732712365
    2.625801844   26.443789629    3.759094540
    2.629335500   26.456584758    6.604317250
    2.632869156   26.492831154   13.726050087
    2.636402813   26.546097054   14.849406550
    2.639936469   26.585954699    5.526213946
    2.643470125   26.580625951   -9.203653156
    2.647003781   26.543968988  -11.338858274
    2.650537438   26.502304667   -9.997726878
    2.654071094   26.477633498   -3.249904834
    2.657604750   26.477023114    4.169164062
    2.661138406   26.497445653    9.238223516
    2.664672063   26.533276483   12.126246382
    2.668205719   26.574572843    9.197268704
    2.671739375   26.609918131   10.051454486
    2.675273031   26.630239217    2.580372052
    2.678806687   26.630856009   -2.278058574
    2.682340344   26.612698096   -7.856705968
    2.685874000   26.592223159   -4.824730360
    2.689407656   26.583441066   -2.913921422
    2.692941312   26.563497337   -9.726513526
    2.696474969   26.514060260  -19.342025466
    2.700008625   26.434321562  -22.300727940
    2.703542281   26.377611299   -7.237189421
    2.707075937   26.395496141   15.768867415
    2.710609594   26.481272793   29.003765123
    2.714143250   26.582954815   25.431954434
    2.717676906   26.641237269    6.972699442
    2.721210563   26.628831171  -11.095239640
    2.724744219   26.579437505  -14.887782307
    2.728277875   26.535930505   -7.918871339
    2.731811531   26.528305148    3.495425376
    2.735345188   26.549466102    7.258030085
    2.738878844   26.565968734    1.154467256
    2.742412500   26.557918192   -4.611143030
    2.745946156   26.531584295   -8.384157747
    2.749479813   26.505207444   -4.651096284
    2.753013469   26.492455475   -0.329462540
    2.756547125   26.504202287    5.878218065
    2.760080781   26.524786855    3.482572897
    2.763614438   26.547190424    8.492653661
    2.767148094   26.584408882   11.154808212
    2.770681750   26.619190027    9.856127636
    2.774215406   26.642292971    5.446477726
    2.777749062   26.655742127    0.201310937
    2.781282719   26.642861784   -7.722347595
    2.784816375   26.607152597  -11.764291716
    2.788350031   26.559122493  -10.899620389
    2.791883687   26.540039930   -0.032542506
    2.795417344   26.568959973   15.397785908
    2.798951000   26.642480703   22.743399428
    2.802484656   26.723067514   18.639896677
    2.806018313   26.770166644    7.124229596
    2.809551969   26.770991817   -8.501498659
    2.813085625   26.727595461  -15.156454903
    2.816619281   26.684851966   -8.160706886
    2.820152938   26.688220005    8.667679957
    2.823686594   26.728735268   14.489806958
    2.827220250   26.771985311    7.504236721
    2.830753906   26.768319973   -8.254962640
    2.834287563   26.734857304  -10.928334167
    2.837821219   26.702461486   -5.297512431
    2.841354875   26.709487820    9.546893060
    2.844888531   26.758168175   17.164884248
    2.848422188   26.817302295   16.168961229
    2.851955844   26.859044923    8.107783635
    2.855489500   26.874699914    1.541178137
    2.859023156   26.879340282    3.574512516
    2.862556813   26.898001768    4.630407486
    2.866090469   26.910401239    0.256349135
    2.869624125   26.900265841   -6.682867048
    2.873157781   26.856182143  -16.078216447
    2.876691437   26.789149419  -18.343960392
    2.880225094   26.741017240   -9.322133761
    2.883758750   26.736375705    6.852401457
    2.887292406   26.793108037   21.896179479
    2.890826062   26.875075095   19.904194436
    2.894359719   26.929734427   10.744673031
    2.897893375   26.948461002   -1.270350544
    2.901427031   26.929124180   -6.928215148
    2.904960688   26.902846400   -7.219727456
    2.908494344   26.870951212   -7.271639747
    2.912028000   26.856061499   -5.098758071
    2.915561656   26.841552704   -5.837274735
    2.919095313   26.821317839   -5.307868798
    2.922628969   26.805227051   -2.527866358
    2.926162625   26.802006247    1.235887450
    2.929696281   26.817868932    6.763212401
    2.933229938   26.843773956    5.811265940
    2.936763594   26.860709289    3.033665956
    2.940297250   26.864778982    0.777008668
    2.943830906   26.860089000   -1.750877911
    2.947364563   26.846749447   -4.413373743
    2.950898219   26.844229369    1.150827806
    2.954431875   26.853510004    3.644593850
    2.957965531   26.862280438   -0.813665239
    2.961499187   26.847133287   -9.492808163
    2.965032844   26.810979443   -9.316440587
    2.968566500   26.797136225    1.831776568
    2.972100156   26.828245204   15.532856870
    2.975633812   26.900029933   24.441096787
    2.979167469   26.973427039   18.248008908
    2.982701125   27.021318437    8.819859712
    2.986234781   27.039534184   -1.147920836
    2.989768437   27.028975930   -6.031035414
    2.993302094   26.999861221  -10.835384809
    2.996835750   26.947542062  -16.937575014
    3.000369406   26.884358956  -18.659708042
    3.003903063   26.832413576   -9.778073492
    3.007436719   26.826129030    8.227975768
    3.010970375   26.882922614   20.985102169
    3.014504031   26.961444494   20.635830830
    3.018037688   27.008621499    4.398362232
    3.021571344   27.007836990   -3.895276902
    3.025105000   26.992808149   -2.522084500
    3.028638656   26.993701011    4.250272860
    3.032172313   27.014296906    3.341172073
    3.035705969   27.003207715  -12.084869499
    3.039239625   26.930705346  -29.466583835
    3.042773281   26.812650509  -33.958943323
    3.046306938   26.719341416  -13.646093821
    3.049840594   26.715883701   11.451657212
    3.053374250   26.771201706   16.199289149
    3.056907906   26.806791915    0.895586134
    3.060441562   26.783848828  -12.802454595
    3.063975219   26.741008577   -6.582407492
    3.067508875   26.764357080   21.998440937
    3.071042531   26.870217550   35.902938217
    3.074576187   26.988059146   27.748605135
    3.078109844   27.043903895    4.924820873
    3.081643500   27.031067753  -12.332263071
    3.085177156   26.986830338  -10.578034706
    3.088710813   26.969555236    0.384047006
    3.092244469   26.976395044    2.490845035
    3.095778125   26.979586515   -0.920838313
    3.099311781   26.959002291   -7.796831749
    3.102845438   26.936867069   -3.718548177
    3.106379094   26.946807752   10.117030230
    3.109912750   27.000351823   15.735543728
    3.113446406   27.045796969    8.122189572
    3.116980063   27.054103072   -4.546114186
    3.120513719   27.020776191  -13.250455762
    3.124047375   26.971157425  -13.173503736
    3.127581031   26.946607294   -2.959950534
    3.131114688   26.954266664    6.691448448
    3.134648344   26.992893234   13.944627074
    3.138182000   27.047290596   17.231443084
    3.141715656   27.088152048    7.526092889
    3.145249313   27.094428910   -3.421391366
    3.148782969   27.056781275  -15.278289093
    3.152316625   26.995002683  -19.271332678
    3.155850281   26.931267996  -15.311429678
    3.159383937   26.893204066   -9.570795281
    3.162917594   26.859620530   -7.706680085
    3.166451250   26.832354922   -6.423795699
    3.169984906   26.811408986   -2.985235420
    3.173518562   26.815221502    6.945427881
    3.177052219   26.868550586   21.474627287
    3.180585875   26.952577401   22.398742278
    3.184119531   27.015522838    9.633286719
    3.187653188   27.028038715   -3.931650550
    3.191186844   27.011600155   -1.789527592
    3.194720500   27.032530227   12.767178040
    3.198254156   27.110394796   27.592778493
    3.201787813   27.212628030   27.807906292
    3.205321469   27.286479618   12.696552774
    3.208855125   27.302832782   -1.846272015
    3.212388781   27.274306405  -12.179513836
    3.215922438   27.228012239  -12.529958542
    3.219456094   27.183039131  -10.435611964
    3.222989750   27.160229447   -3.487021770
    3.226523406   27.159629034    1.504452494
    3.230057063   27.164805658   -2.763238279
    3.233590719   27.150727683   -5.101548892
    3.237124375   27.107652388  -17.131099228
    3.240658031   27.037383436  -20.909445784
    3.244191688   26.975312718  -12.616374178
    3.247725344   26.959173383    0.056391788
    3.251259000   26.972185652    4.141770548
    3.254792656   26.983895020   -2.163171958
    3.258326312   26.965187967   -8.439358619
    3.261859969   26.927809610  -10.564747376
    3.265393625   26.902639715   -5.436027903
    3.268927281   26.908549471    8.792632291
    3.272460938   26.954286266   13.568874146
    3.275994594   26.995859957    8.157331538
    3.279528250   27.017544826    4.307604490
    3.283061906   27.035150471    8.554711663
    3.286595563   27.077894297   15.233717585
    3.290129219   27.138510983   16.179632884
    3.293662875   27.184369703    7.352394205
    3.297196531   27.180280862   -9.047043796
    3.300730188   27.139757671  -13.127464671
    3.304263844   27.110355368   -4.667591371
    3.307797500   27.116124877    5.247894802
    3.311331156   27.151676371   11.131161927
    3.314864813   27.182443915    3.846871179
    3.318398469   27.179079641   -3.628004757
    3.321932125   27.176033897    4.856406274
    3.325465781   27.238487058   27.148584970
    3.328999438   27.357638569   34.889159674
    3.332533094   27.463729104   20.013940171
    3.336066750   27.485507638   -8.134569691
    3.339600406   27.426227336  -22.975339504
    3.343134062   27.351136587  -19.170990769
    3.346667719   27.315035675   -1.441653043
    3.350201375   27.347064902   14.813375726
    3.353735031   27.398573692   13.817418847
    3.357268687   27.421337101   -0.172427575
    3.360802344   27.408378545   -7.303713063
    3.364336000   27.387214610   -4.035109546
    3.367869656   27.377614412    0.262573455
    3.371403313   27.391037004    3.957680908
    3.374936969   27.399954179    0.699440975
    3.378470625   27.403068317   -0.047496428
    3.382004281   27.406595782    0.482155065
    3.385537938   27.412726695    2.732498277
    3.389071594   27.426779123    5.864964979
    3.392605250   27.456677333   11.174492253
    3.396138906   27.511832640   15.928899073
    3.399672563   27.568798231   14.243698316
    3.403206219   27.618094134   10.938429175
    3.406739875   27.645829790    4.635025608
    3.410273531   27.641916290   -5.816749950
    3.413807188   27.614717950   -8.409635050
    3.417340844   27.599624954    1.042277928
    3.420874500   27.624693368   11.191966396
    3.424408156   27.670421795   15.137891876
    3.427941813   27.718066711   11.502813872
    3.431475469   27.753462580    9.665643707
    3.435009125   27.786851490    9.791435966
    3.438542781   27.832341038   17.202809542
    3.442076437   27.895068608   14.851752893
    3.445610094   27.925814795    2.856335946
    3.449143750   27.906440992  -12.280994136
    3.452677406   27.854696108  -16.419180002
    3.456211062   27.812078745   -8.486856675
    3.459744719   27.807385121    4.776854794
    3.463278375   27.847678268   16.254717381
    3.466812031   27.911940516   16.716628653
    3.470345688   27.952829894    7.211208126
    3.473879344   27.969587783    3.979717595
    3.477413000   28.004805045   16.128973412
    3.480946656   28.099365302   37.023834752
    3.484480313   28.253969191   48.020829476
    3.488013969   28.397422423   28.599507203
    3.491547625   28.428879515  -11.004619952
    3.495081281   28.345031509  -29.524834551
    3.498614938   28.319441718   31.956182383
    3.502148594   28.712164355  211.477162682
    3.505682250   29.947926677  506.748059489
    3.509215906   32.402450025  892.287682225
    3.512749563   36.288809264 1308.246592740
    3.516283219   41.631802021 1710.335270088
    3.519816875   48.315418441 2061.762695958
    3.523350531   56.127510511 2349.242922837
    3.526884188   64.867281118 2593.945889636
    3.530417844   74.492228214 2863.799134192
    3.533951500   85.228890239 3234.648815632
    3.537485156   97.519316254 3743.854102787
    3.541018812  111.789459470 4338.880691144
    3.544552469  128.122243653 4877.670826713
    3.548086125  145.956453269 5155.792885147
    3.551619781  164.076116369 5022.786585544
    3.555153438  180.936524924 4452.573251775
    3.558687094  195.157248325 3559.936943123
    3.562220750  205.965158030 2557.445405210
    3.565754406  213.334644511 1641.457868185
    3.569288063  217.825469821  940.853798573
    3.572821719  220.266375440  478.695699459
    3.576355375  221.438255536  213.101913660
    3.579889031  221.930746921   81.953980016
    3.583422688  222.102299776   24.433470609
    3.586956344  222.147171950    4.022011746
    3.590490000  222.152956556   -0.000000000
