#! FIELDS D0 file.free der_D0
#! SET min_D0 0.197435
#! SET max_D0 5.54956
#! SET nbins_D0  1515
#! SET periodic_D0 false
    0.197435000  301.443795701   -0.000000000
    0.200970089  301.428091624  -12.297730037
    0.204505178  301.301881331  -71.501756000
    0.208040268  300.824940367 -219.913988873
    0.211575357  299.529395148 -553.077639591
    0.215110446  296.553210632 -1195.420211766
    0.218645535  290.586959527 -2256.921677518
    0.222180624  280.069898809 -3762.938287169
    0.225715713  263.652350082 -5542.738316546
    0.229250803  241.008195518 -7210.773491874
    0.232785892  213.365031973 -8296.366129311
    0.236320981  183.444638883 -8462.128823975
    0.239856070  154.639100138 -7699.741336194
    0.243391159  129.702942227 -6351.325099072
    0.246926248  109.824133257 -4922.980218765
    0.250461338   94.515943783 -3808.900549938
    0.253996427   82.359009107 -3138.557106711
    0.257531516   71.938762161 -2797.417900287
    0.261066605   62.454942835 -2569.771582484
    0.264601694   53.825935844 -2299.107564887
    0.268136783   46.288113592 -1954.986710746
    0.271671873   39.997487096 -1609.578090982
    0.275206962   34.829764368 -1330.441768463
    0.278742051   30.497216541 -1133.865147940
    0.282277140   26.709816112 -1010.186271965
    0.285812229   23.330777006 -904.696610406
    0.289347318   20.353229169 -779.560933114
    0.292882408   17.814904059 -662.310351396
    0.296417497   15.674569325 -553.902427280
    0.299952586   13.854088784 -483.545097671
    0.303487675   12.232541343 -435.419447194
    0.307022764   10.773751719 -382.914170470
    0.310557853    9.529280785 -319.958971993
    0.314092943    8.524587518 -250.306954681
    0.317628032    7.742700967 -196.167985746
    0.321163121    7.102857209 -166.475518385
    0.324698210    6.545888320 -151.080991861
    0.328233299    6.026672511 -145.907554241
    0.331768388    5.551001821 -117.702578556
    0.335303478    5.198638001  -83.581362902
    0.338838567    4.960508097  -52.064557503
    0.342373656    4.789373251  -48.393228693
    0.345908745    4.618678904  -49.793795170
    0.349443834    4.453208821  -39.238356788
    0.352978923    4.355304524  -10.241931249
    0.356514013    4.376537655   21.445730173
    0.360049102    4.499272307   44.872338123
    0.363584191    4.670569784   47.764252476
    0.367119280    4.833229672   41.529193985
    0.370654369    4.963048003   32.195761888
    0.374189458    5.086799141   40.586152197
    0.377724548    5.255362487   57.658101451
    0.381259637    5.486311547   70.255456609
    0.384794726    5.752530708   75.783245704
    0.388329815    6.011186777   68.157739156
    0.391864904    6.228745892   59.319823821
    0.395399993    6.427859000   53.187311881
    0.398935083    6.604363392   49.150677734
    0.402470172    6.785835568   56.246512151
    0.406005261    6.989077619   56.157882526
    0.409540350    7.174912602   46.609117071
    0.413075439    7.279145021   14.323177074
    0.416610528    7.281872549   -9.975544583
    0.420145618    7.233550155  -14.152910353
    0.423680707    7.213430174    3.875405237
    0.427215796    7.260552454   22.411421464
    0.430750885    7.348326041   25.889049390
    0.434285974    7.428486319   17.903090261
    0.437821063    7.466653569    6.897089654
    0.441356153    7.499251984   12.708683499
    0.444891242    7.573856202   28.650961263
    0.448426331    7.689505350   34.598827843
    0.451961420    7.793121238   21.051508001
    0.455496509    7.826398705   -3.742657943
    0.459031598    7.784897125  -20.649743104
    0.462566688    7.713143537  -17.075129741
    0.466101777    7.662917672   -9.594393046
    0.469636866    7.647142916    1.679346588
    0.473171955    7.660167202    5.794885845
    0.476707044    7.679974284    4.589645868
    0.480242133    7.677409517   -6.821843564
    0.483777223    7.631401904  -17.313232120
    0.487312312    7.559300323  -23.690505149
    0.490847401    7.478928184  -24.077007052
    0.494382490    7.414991428  -11.507623599
    0.497917579    7.387656566   -6.153386802
    0.501452668    7.372622241   -6.101344999
    0.504987758    7.335883246  -15.963432195
    0.508522847    7.256734315  -26.883836839
    0.512057936    7.155495242  -29.763581463
    0.515593025    7.068900969  -16.452090677
    0.519128114    7.040993550    1.756635762
    0.522663203    7.072977084   14.033150501
    0.526198293    7.119222189   11.755324659
    0.529733382    7.153980990    5.105974490
    0.533268471    7.161852902   -2.009926564
    0.536803560    7.162518631    0.171418709
    0.540338649    7.175160206    7.984546430
    0.543873738    7.213332593    9.769489451
    0.547408828    7.239781345    5.530020633
    0.550943917    7.233021505   -7.828095159
    0.554479006    7.188704757  -14.427322181
    0.558014095    7.130229126  -18.988252493
    0.561549184    7.062196606  -22.769178122
    0.565084273    6.975250394  -26.227185598
    0.568619363    6.858911565  -39.432068236
    0.572154452    6.705588125  -47.395244012
    0.575689541    6.538182786  -46.330063555
    0.579224630    6.392118868  -41.758150048
    0.582759719    6.232353660  -48.904337017
    0.586294808    6.030862312  -65.486080929
    0.589829898    5.770949057  -79.963233318
    0.593364987    5.472067833  -87.367361427
    0.596900076    5.169234560  -84.056411804
    0.600435165    4.881396515  -81.140092786
    0.603970254    4.576565688  -91.185565180
    0.607505343    4.247264874  -97.693828357
    0.611040433    3.902455813  -96.339857338
    0.614575522    3.572563522  -91.901283995
    0.618110611    3.247514728  -93.880146952
    0.621645700    2.895872745 -103.807548551
    0.625180789    2.517453753 -108.060681469
    0.628715878    2.137629640 -105.484740465
    0.632250968    1.783983360  -90.914263090
    0.635786057    1.488542848  -76.537117327
    0.639321146    1.226013882  -69.659527677
    0.642856235    0.983571983  -67.544738909
    0.646391324    0.748037917  -64.007206557
    0.649926413    0.539111886  -55.283133812
    0.653461503    0.377166486  -39.669382960
    0.656996592    0.238574251  -39.308535161
    0.660531681    0.113789058  -31.069071967
    0.664066770    0.022300892  -14.885988383
    0.667601859    0.000000000    8.056592929
    0.671136948    0.082591694   34.400546272
    0.674672038    0.234402180   48.346826821
    0.678207127    0.394538837   44.647808050
    0.681742216    0.542318577   42.637368231
    0.685277305    0.705915872   51.809420627
    0.688812394    0.910095282   61.428142699
    0.692347483    1.143275191   69.885374663
    0.695882573    1.368833424   54.692195943
    0.699417662    1.532633416   37.130616566
    0.702952751    1.638985989   26.646348307
    0.706487840    1.723038114   21.854034075
    0.710022929    1.799395861   21.424515021
    0.713558018    1.872176702   17.633913331
    0.717093108    1.932409141   18.091738037
    0.720628197    1.984938592   10.714049741
    0.724163286    2.008334404   -0.882252201
    0.727698375    1.991549386   -8.905708494
    0.731233464    1.955677485  -12.705058704
    0.734768554    1.916700481   -7.095783491
    0.738303643    1.902022809    1.480432303
    0.741838732    1.915608796    4.107132003
    0.745373821    1.926612350   -1.311439548
    0.748908910    1.900652893  -11.468685631
    0.752443999    1.861478301  -10.481442588
    0.755979089    1.826977843   -7.813640798
    0.759514178    1.800074712   -7.007714443
    0.763049267    1.783666895   -1.544546024
    0.766584356    1.758124224   -8.082033398
    0.770119445    1.756264515    7.705416175
    0.773654534    1.798719996   15.141262173
    0.777189624    1.846786367   10.632693705
    0.780724713    1.859632007   -1.230917379
    0.784259802    1.849428104   -3.235971333
    0.787794891    1.866507963   12.123744916
    0.791329980    1.930644362   26.569617357
    0.794865069    2.046179640   38.375664660
    0.798400159    2.188870356   36.460880510
    0.801935248    2.282131569   15.608278777
    0.805470337    2.322115293   10.247793438
    0.809005426    2.365483588   15.113905715
    0.812540515    2.450129516   31.520437994
    0.816075604    2.586626100   41.743192676
    0.819610694    2.722272786   33.147253844
    0.823145783    2.827304923   25.151688349
    0.826680872    2.918942787   29.046760291
    0.830215961    3.035146567   39.399030108
    0.833751050    3.198085530   52.038023331
    0.837286139    3.368588630   44.020742708
    0.840821229    3.514328223   35.908046745
    0.844356318    3.616900542   24.800539420
    0.847891407    3.706351940   28.951567742
    0.851426496    3.822914481   36.793387226
    0.854961585    3.949833747   31.881478305
    0.858496674    4.040937542   17.182467861
    0.862031764    4.097343893   15.518021884
    0.865566853    4.166187918   27.199637591
    0.869101942    4.316198912   55.776780103
    0.872637031    4.544081182   70.591605288
    0.876172120    4.800345656   70.607237506
    0.879707209    5.014576609   49.085927289
    0.883242299    5.161357799   34.624823811
    0.886777388    5.278034194   34.907049339
    0.890312477    5.413572675   44.365372516
    0.893847566    5.617637340   67.715270688
    0.897382655    5.866635925   71.967540955
    0.900917744    6.103235644   56.939652871
    0.904452834    6.273279028   42.878745888
    0.907987923    6.405665602   34.713528005
    0.911523012    6.540843519   44.067965959
    0.915058101    6.716577883   55.627145794
    0.918593190    6.924630764   61.227222031
    0.922128279    7.134286098   54.611071739
    0.925663369    7.305058194   43.585948902
    0.929198458    7.462425502   45.602159781
    0.932733547    7.644591399   54.882712498
    0.936268636    7.845881321   55.681359184
    0.939803725    8.036488061   47.374313846
    0.943338814    8.184204049   34.401592355
    0.946873904    8.283828531   25.047205921
    0.950408993    8.367065869   19.058550606
    0.953944082    8.438113849   18.093998559
    0.957479171    8.506019896   20.478479817
    0.961014260    8.544194421    6.119129275
    0.964549349    8.563419228    3.977067906
    0.968084439    8.576480678    7.275036007
    0.971619528    8.618328068   16.618831807
    0.975154617    8.711780509   38.322676544
    0.978689706    8.840622999   34.102362990
    0.982224795    8.938984466   18.533809282
    0.985759884    8.974132916    1.573272068
    0.989294974    8.972504727   -3.647373720
    0.992830063    8.960229182   -3.897684332
    0.996365152    8.951258362   -0.893233772
    0.999900241    8.961916792    4.406170666
    1.003435330    8.998115844   12.249529541
    1.006970419    9.028774591    5.196862478
    1.010505509    9.048675916    2.418723626
    1.014040598    9.057657652   -0.495539513
    1.017575687    9.046127792   -4.099153906
    1.021110776    9.030756096   -7.778469514
    1.024645865    9.011879383   -2.473498431
    1.028180954    9.025226597    9.819993099
    1.031716044    9.050132179    8.227984042
    1.035251133    9.048182085  -10.532661726
    1.038786222    8.988085491  -22.457882002
    1.042321311    8.906444577  -17.146821618
    1.045856400    8.883248419    2.185374720
    1.049391489    8.904328452   12.474873777
    1.052926579    8.938673493    3.851413687
    1.056461668    8.936178126   -8.283303114
    1.059996757    8.893789236  -19.323709780
    1.063531846    8.825178304  -16.240875940
    1.067066935    8.800095210   -0.016288434
    1.070602024    8.821204083    9.272481811
    1.074137114    8.847797371    0.295149508
    1.077672203    8.824008672  -13.955201258
    1.081207292    8.763051771  -23.260265973
    1.084742381    8.686151645  -19.333636844
    1.088277470    8.631000171   -9.018661711
    1.091812559    8.617253100    2.447660940
    1.095347649    8.653904551   13.824104945
    1.098882738    8.685164789    5.148957809
    1.102417827    8.675793983   -8.673050972
    1.105952916    8.603718973  -29.919583749
    1.109488005    8.498776905  -25.889976261
    1.113023094    8.431294832   -7.704723877
    1.116558184    8.439713978    6.421026372
    1.120093273    8.480771242   13.727251230
    1.123628362    8.499790880    0.121749434
    1.127163451    8.471429183  -17.752226494
    1.130698540    8.411914862  -17.437548624
    1.134233629    8.375370732   -0.325676390
    1.137768719    8.397605563   10.253560428
    1.141303808    8.436817201    8.942406406
    1.144838897    8.458798369    4.682599210
    1.148373986    8.493318940   16.199470232
    1.151909075    8.581847237   30.650305431
    1.155444164    8.708439599   35.381358695
    1.158979254    8.822316367   29.886699163
    1.162514343    8.904338969   20.572557705
    1.166049432    8.970257848   16.060829808
    1.169584521    9.052888525   35.564906133
    1.173119610    9.210785690   51.397283933
    1.176654699    9.382942659   43.535165258
    1.180189789    9.499861900   20.172763546
    1.183724878    9.553971267   14.457599799
    1.187259967    9.617512588   27.435298685
    1.190795056    9.769609468   55.087388500
    1.194330145    9.984346293   60.043544565
    1.197865234   10.160552757   35.712957084
    1.201400324   10.241062074   12.657555171
    1.204935413   10.268418682    8.521633597
    1.208470502   10.333011300   33.109180738
    1.212005591   10.511400992   62.836459164
    1.215540680   10.762009243   71.633166553
    1.219075769   10.997619831   56.959298237
    1.222610859   11.153408102   28.012513980
    1.226145948   11.230758643   19.323369689
    1.229681037   11.329675513   40.679108236
    1.233216126   11.503934035   57.235358372
    1.236751215   11.712932465   57.237150742
    1.240286304   11.894145797   41.768967037
    1.243821394   12.002447221   18.712277540
    1.247356483   12.073887837   23.557138590
    1.250891572   12.191988221   41.910530304
    1.254426661   12.386102528   60.789919496
    1.257961750   12.593322379   51.561474167
    1.261496839   12.732201492   24.320216488
    1.265031929   12.777079549    4.966700927
    1.268567018   12.818200478   20.746457284
    1.272102107   12.941145226   48.465710365
    1.275637196   13.137757207   56.797572150
    1.279172285   13.306399446   36.203484316
    1.282707375   13.384889701    9.823776878
    1.286242464   13.412929078    9.710023487
    1.289777553   13.490906016   35.383340410
    1.293312642   13.661140182   53.709288249
    1.296847731   13.856357670   53.157127540
    1.300382820   14.017045547   39.191238213
    1.303917910   14.133909791   32.467867785
    1.307452999   14.264884808   47.271650410
    1.310988088   14.467404779   60.411445406
    1.314523177   14.679575891   54.537621666
    1.318058266   14.837998502   33.103382502
    1.321593355   14.929595212   22.844426353
    1.325128445   15.028497607   37.911994064
    1.328663534   15.209183348   62.612885191
    1.332198623   15.449546355   66.885622878
    1.335733712   15.648177457   44.227871597
    1.339268801   15.764818412   24.256304611
    1.342803890   15.844673064   26.495459220
    1.346338980   15.970932649   47.723478311
    1.349874069   16.183632659   71.813895244
    1.353409158   16.449944350   74.385730531
    1.356944247   16.695967455   60.276985707
    1.360479336   16.872229097   42.201922084
    1.364014425   17.016433439   42.126346493
    1.367549515   17.187283471   55.967206376
    1.371084604   17.406086994   65.605131040
    1.374619693   17.639855346   64.189430434
    1.378154782   17.854772602   60.315263777
    1.381689871   18.072835797   61.271585330
    1.385224960   18.315104461   76.277165480
    1.388760050   18.585481702   80.558948174
    1.392295139   18.861232503   75.704271673
    1.395830228   19.109665012   64.385641175
    1.399365317   19.311255190   55.144482142
    1.402900406   19.495626755   51.726050195
    1.406435495   19.698044833   62.019525610
    1.409970585   19.941520734   75.275533819
    1.413505674   20.207359562   73.727882495
    1.417040763   20.443620692   62.694233739
    1.420575852   20.635119535   45.971025669
    1.424110941   20.779925763   35.147514697
    1.427646030   20.900400115   32.195084331
    1.431181120   21.026916704   41.672819203
    1.434716209   21.216973690   64.564745013
    1.438251298   21.463083468   68.353437852
    1.441786387   21.676323930   49.939457818
    1.445321476   21.811937303   24.835559805
    1.448856565   21.882445654   19.105983430
    1.452391655   21.968186974   34.022544439
    1.455926744   22.141242927   61.705988242
    1.459461833   22.385506803   77.290060484
    1.462996922   22.654106668   70.759084165
    1.466532011   22.864387895   49.365880251
    1.470067100   23.006443649   34.072604971
    1.473602190   23.129221485   38.590598170
    1.477137279   23.278185547   45.452676678
    1.480672368   23.443860084   48.213791718
    1.484207457   23.610556528   43.757081966
    1.487742546   23.762063425   40.573306356
    1.491277635   23.898025332   35.027427934
    1.494812725   24.005277836   24.486084242
    1.498347814   24.065276010    8.703421563
    1.501882903   24.088096443    9.355906249
    1.505417992   24.161079830   28.884173312
    1.508953081   24.283948009   37.865085626
    1.512488170   24.428119736   41.498223799
    1.516023260   24.559232952   29.041467288
    1.519558349   24.642195975   18.015118101
    1.523093438   24.686092966   10.631579820
    1.526628527   24.736475615   15.901307203
    1.530163616   24.802959901   21.037198776
    1.533698705   24.885462689   24.694240636
    1.537233795   24.975986317   27.372343394
    1.540768884   25.085076537   35.235644804
    1.544303973   25.226066983   43.451907351
    1.547839062   25.368841886   37.292653936
    1.551374151   25.469892655   23.527014054
    1.554909240   25.551930368   22.778630395
    1.558444330   25.639415539   24.171599155
    1.561979419   25.720222875   18.325140268
    1.565514508   25.765782278    7.897429050
    1.569049597   25.768949455   -3.972686975
    1.572584686   25.764417968    4.639568570
    1.576119775   25.811168472   18.847465159
    1.579654865   25.879624218   19.016741874
    1.583189954   25.946059019   12.652763720
    1.586725043   25.969813819    2.649135078
    1.590260132   25.992899922   12.625329640
    1.593795221   26.081987908   40.106472335
    1.597330310   26.269379318   62.395537735
    1.600865400   26.485336498   52.397345377
    1.604400489   26.624164017   24.323288129
    1.607935578   26.649229428   -7.930694685
    1.611470667   26.614467816   -9.074391649
    1.615005756   26.620772013   15.813771910
    1.618540845   26.722347105   39.570738893
    1.622075935   26.886783274   50.126756746
    1.625611024   27.056786422   41.465048529
    1.629146113   27.162870797   16.797352148
    1.632681202   27.177593965   -5.023537309
    1.636216291   27.145963580   -7.674008416
    1.639751380   27.123067655    1.179148003
    1.643286470   27.155820833   12.928724926
    1.646821559   27.214223935   18.034820454
    1.650356648   27.253194003    4.362634790
    1.653891737   27.260318719   -0.134052055
    1.657426826   27.267648906    4.976529197
    1.660961915   27.302918560   14.739200746
    1.664497005   27.361032810   14.284736819
    1.668032094   27.399264234    3.560350960
    1.671567183   27.392529430   -8.962626745
    1.675102272   27.357652310   -6.065168687
    1.678637361   27.352962122    2.086097349
    1.682172450   27.386272998   13.949724562
    1.685707540   27.447757360   20.656953057
    1.689242629   27.520462480   19.492904043
    1.692777718   27.594675575   19.790036280
    1.696312807   27.660946420   18.277466149
    1.699847896   27.719506920   14.690098185
    1.703382985   27.749320226    3.319552010
    1.706918075   27.748201858   -2.778873578
    1.710453164   27.731931293   -0.893245746
    1.713988253   27.726741128   -3.473494734
    1.717523342   27.717209544   -2.013600324
    1.721058431   27.694781733   -9.185852470
    1.724593520   27.674179429   -1.242787230
    1.728128610   27.690728373   12.042789005
    1.731663699   27.757972941   26.836537229
    1.735198788   27.854828994   27.432079120
    1.738733877   27.940377922   18.113156547
    1.742268966   27.993778281    8.289622279
    1.745804055   28.002766045   -0.433409266
    1.749339145   27.991887851   -7.706460965
    1.752874234   27.952089614  -17.229524244
    1.756409323   27.890332772  -12.393499773
    1.759944412   27.865389311   -1.731832260
    1.763479501   27.878930979    7.591366091
    1.767014590   27.919048796   14.693598472
    1.770549680   27.967538253   11.538977754
    1.774084769   27.975236119   -8.560932279
    1.777619858   27.917982451  -24.787917232
    1.781154947   27.815042631  -27.307498297
    1.784690036   27.736731037  -13.036000838
    1.788225125   27.743078761   16.161048064
    1.791760215   27.824800415   27.451441828
    1.795295304   27.917958722   21.573447676
    1.798830393   27.968676958    7.118779217
    1.802365482   27.964363685   -5.231657981
    1.805900571   27.945224930   -4.274165732
    1.809435661   27.948722661    9.637812106
    1.812970750   28.018979446   25.849854821
    1.816505839   28.128401849   34.129539867
    1.820040928   28.214278671   11.940965324
    1.823576017   28.210753512  -14.304182882
    1.827111106   28.142618487  -22.694208074
    1.830646196   28.054999967  -23.068661466
    1.834181285   27.991010841  -13.146577805
    1.837716374   27.971749466    2.748079293
    1.841251463   27.996232153    8.428117173
    1.844786552   28.014461077    1.311079793
    1.848321641   28.014259050   -2.090791335
    1.851856731   28.002351212   -0.094848606
    1.855391820   28.006815477    5.152850729
    1.858926909   28.041694848   13.348784926
    1.862461998   28.080851004   10.631257310
    1.865997087   28.124857646   15.722670715
    1.869532176   28.182613751   19.634387884
    1.873067266   28.267624691   28.322266479
    1.876602355   28.375313718   28.546103763
    1.880137444   28.468446843   19.539551750
    1.883672533   28.513683819    3.456574929
    1.887207622   28.519193438   -0.437326350
    1.890742711   28.507558588   -1.318183880
    1.894277801   28.512897603    6.146342267
    1.897812890   28.521142345   -1.158690898
    1.901347979   28.504674880   -5.338675484
    1.904883068   28.495735068    0.058878469
    1.908418157   28.515382888   13.552851594
    1.911953246   28.582460408   19.609647273
    1.915488336   28.646839865   16.994356272
    1.919023425   28.687380443    6.598734778
    1.922558514   28.700656288   -0.831791739
    1.926093603   28.698135347    3.064045554
    1.929628692   28.717278050    6.014136821
    1.933163781   28.727043021    0.859159582
    1.936698871   28.710086583   -8.041384434
    1.940233960   28.668339077  -12.348287880
    1.943769049   28.642265099   -0.221023501
    1.947304138   28.680022081   19.233252042
    1.950839227   28.754120260   16.025960695
    1.954374316   28.784077405   -2.162170776
    1.957909406   28.750670062  -16.678876270
    1.961444495   28.682381722  -19.359821860
    1.964979584   28.634866025   -4.275394946
    1.968514673   28.640205542    8.515641410
    1.972049762   28.677579348   13.211393545
    1.975584851   28.736853431   17.294870680
    1.979119941   28.813716927   25.062249298
    1.982655030   28.912382453   27.695237009
    1.986190119   29.004103740   24.843794045
    1.989725208   29.068211238   11.035029644
    1.993260297   29.062201642  -14.601739719
    1.996795386   28.985787161  -24.440915138
    2.000330476   28.904318006  -22.703259558
    2.003865565   28.837220623  -14.718774245
    2.007400654   28.782583527  -15.126939788
    2.010935743   28.722062938  -22.859033433
    2.014470832   28.631378826  -27.341296647
    2.018005921   28.557810004  -12.952469382
    2.021541011   28.537282890   -0.537355198
    2.025076100   28.567322094   16.686558980
    2.028611189   28.643093209   26.013925207
    2.032146278   28.743227633   27.216298814
    2.035681367   28.844041898   26.286071521
    2.039216456   28.905274939    8.200059021
    2.042751546   28.885097171  -14.457454876
    2.046286635   28.823808214  -17.652714764
    2.049821724   28.780255388   -6.464255201
    2.053356813   28.786560958    8.804196287
    2.056891902   28.834600176   21.107984141
    2.060426991   28.910779577   20.325578987
    2.063962081   28.987796491   24.011095054
    2.067497170   29.084921077   31.844496052
    2.071032259   29.200080391   27.508637822
    2.074567348   29.264635626    8.560130214
    2.078102437   29.249163615  -13.711723360
    2.081637526   29.194999814  -13.456592191
    2.085172616   29.178385866    6.949743014
    2.088707705   29.252493358   33.775075726
    2.092242794   29.359486900   18.284954229
    2.095777883   29.348827587  -26.019007518
    2.099312972   29.189905733  -57.852531050
    2.102848061   28.995795742  -44.386016712
    2.106383151   28.917355898    0.656545536
    2.109918240   28.982017780   31.715721180
    2.113453329   29.070721428   14.353921217
    2.116988418   29.060907591  -22.303892902
    2.120523507   28.940435300  -38.151968709
    2.124058596   28.854790790   -6.090948526
    2.127593686   28.926912669   45.994140455
    2.131128775   29.120359813   57.793397992
    2.134663864   29.291807615   32.820363251
    2.138198953   29.350370043   -1.399789139
    2.141734042   29.311340796  -14.881154626
    2.145269131   29.270612770   -2.777043288
    2.148804221   29.287760270   12.206708506
    2.152339310   29.327174043    6.224311658
    2.155874399   29.305305668  -20.609783742
    2.159409488   29.204913711  -31.225343946
    2.162944577   29.098800743  -24.620680056
    2.166479666   29.055710457    1.564288894
    2.170014756   29.091079712   17.274541763
    2.173549845   29.154164664   16.141247050
    2.177084934   29.200439296   10.724595162
    2.180620023   29.234114800    9.751595772
    2.184155112   29.270064804    9.707901588
    2.187690201   29.292479592    0.816893290
    2.191225291   29.278796523   -8.262747060
    2.194760380   29.228883437  -24.442754754
    2.198295469   29.133129523  -31.898442877
    2.201830558   29.017023785  -26.273735160
    2.205365647   28.949833716   -9.514385539
    2.208900736   28.956504122   11.890133335
    2.212435826   29.026532651   25.690556525
    2.215970915   29.121733846   26.154669304
    2.219506004   29.190586644   12.367965562
    2.223041093   29.201956599   -7.458233412
    2.226576182   29.136358792  -24.713456273
    2.230111271   29.060374647  -20.388773682
    2.233646361   29.017861353    1.324137775
    2.237181450   29.069068504   25.795930718
    2.240716539   29.166405255   26.964705741
    2.244251628   29.232687804    7.123453286
    2.247786717   29.215044384  -18.842838690
    2.251321806   29.129039762  -25.654245660
    2.254856896   29.068159706   -4.061516239
    2.258391985   29.098695177   21.390517462
    2.261927074   29.190580133   24.258181665
    2.265462163   29.234336742   -2.688672272
    2.268997252   29.185191251  -24.932081624
    2.272532341   29.090500152  -22.069793604
    2.276067431   29.039083042   -2.893360165
    2.279602520   29.068051505   14.605093285
    2.283137609   29.103041196    0.856765497
    2.286672698   29.055713092  -25.445333597
    2.290207787   28.948183918  -29.790534243
    2.293742876   28.866367563  -13.791968066
    2.297277966   28.854002514    8.077781264
    2.300813055   28.901812277   10.281661439
    2.304348144   28.914676839   -0.751048918
    2.307883233   28.899038175   -7.613020298
    2.311418322   28.873257327   -1.612197174
    2.314953411   28.898769419   16.417500655
    2.318488501   28.975750216   20.386960439
    2.322023590   29.038079215   11.935326403
    2.325558679   29.054243681   -2.563660431
    2.329093768   29.027417896   -7.157215709
    2.332628857   28.998462434   -6.541731927
    2.336163946   29.011006955   13.377712360
    2.339699036   29.078522423   22.971414904
    2.343234125   29.160253679   21.878242337
    2.346769214   29.215715330   10.709747832
    2.350304303   29.224050153   -7.541782735
    2.353839392   29.167817031  -19.959803872
    2.357374482   29.089469767  -17.772573204
    2.360909571   29.044449934   -9.756098203
    2.364444660   29.013755584   -6.138862231
    2.367979749   28.986396005   -6.389341361
    2.371514838   28.975170365   -4.096017601
    2.375049927   28.967941051    1.232062645
    2.378585017   28.975127234   -0.440939193
    2.382120106   28.957345300   -8.878001132
    2.385655195   28.924326472   -9.282960784
    2.389190284   28.898905409   -5.631427280
    2.392725373   28.899891400    7.569782088
    2.396260462   28.939311840   14.012597076
    2.399795552   28.987615761   13.946814093
    2.403330641   29.001666533   -2.728921579
    2.406865730   28.974173885  -10.608839827
    2.410400819   28.938356024   -6.290276764
    2.413935908   28.946427893    8.950556546
    2.417470997   28.989749663   16.119619511
    2.421006087   29.029686083    2.197555077
    2.424541176   29.003448530  -18.181956951
    2.428076265   28.917639624  -27.758080479
    2.431611354   28.836379834  -15.423453822
    2.435146443   28.820847851    8.048395287
    2.438681532   28.876358202   21.287901676
    2.442216622   28.944480374   13.737826523
    2.445751711   28.960506131   -4.451693971
    2.449286800   28.930405912  -10.479222308
    2.452821889   28.909471583   -2.184754377
    2.456356978   28.916588701    5.865322492
    2.459892067   28.935629317    3.315094762
    2.463427157   28.927171482   -6.425760475
    2.466962246   28.892414940   -7.809340624
    2.470497335   28.891613507   10.492492682
    2.474032424   28.957567881   24.994951768
    2.477567513   29.035604061   15.501373006
    2.481102602   29.045405084   -8.344515352
    2.484637692   28.973754763  -25.682208243
    2.488172781   28.908605030   -4.383677006
    2.491707870   28.944682720   23.275825371
    2.495242959   29.058726671   29.768778822
    2.498778048   29.129564790    4.413201751
    2.502313137   29.101551777  -20.671805450
    2.505848227   29.005499368  -28.930706479
    2.509383316   28.933515226  -12.917959213
    2.512918405   28.921449410    7.657656795
    2.516453494   28.955090126    8.451117533
    2.519988583   28.952689892  -11.711836196
    2.523523672   28.865832175  -33.135628697
    2.527058762   28.747195925  -25.356262175
    2.530593851   28.702493922    2.366120524
    2.534128940   28.742467095   19.109732612
    2.537664029   28.806969642   18.763354709
    2.541199118   28.844890895    3.438556109
    2.544734207   28.828925496  -12.271878171
    2.548269297   28.783682327  -15.281237756
    2.551804386   28.751907084   -2.167090270
    2.555339475   28.749030098    3.422986599
    2.558874564   28.770946680    7.769847756
    2.562409653   28.793212701    5.015206008
    2.565944742   28.809559218    1.125806800
    2.569479832   28.826497867    9.742337374
    2.573014921   28.877244659   17.322255239
    2.576550010   28.950787307   21.987947949
    2.580085099   29.011664097    7.966970039
    2.583620188   29.009906222   -8.214185926
    2.587155277   28.960654410  -17.323740370
    2.590690367   28.897683174  -15.061361336
    2.594225456   28.868102095    1.233489465
    2.597760545   28.887327947    8.858361017
    2.601295634   28.907320403    2.046906782
    2.604830723   28.878893456  -16.948100393
    2.608365812   28.809000285  -17.645816685
    2.611900902   28.767645563   -6.374239034
    2.615435991   28.763675001    5.470344209
    2.618971080   28.804503982   15.125325785
    2.622506169   28.860023007   13.034482547
    2.626041258   28.898601682   10.097433689
    2.629576347   28.931516403    9.998730748
    2.633111437   28.972236330   12.681737427
    2.636646526   29.009311906    5.253734559
    2.640181615   28.994306258  -12.970767716
    2.643716704   28.920053252  -25.336544241
    2.647251793   28.829728683  -25.485714798
    2.650786882   28.755506268  -16.380694729
    2.654321972   28.716922109   -6.106581456
    2.657857061   28.707366993    0.824249725
    2.661392150   28.702232646   -2.792614556
    2.664927239   28.691593524   -2.053174447
    2.668462328   28.697933887    6.723541164
    2.671997417   28.737699706   13.695437393
    2.675532507   28.791404770   17.971266640
    2.679067596   28.859727102   18.653823386
    2.682602685   28.914845964    9.125061859
    2.686137774   28.927061167    0.318549021
    2.689672863   28.917320881   -3.470121436
    2.693207952   28.895183118   -5.544823027
    2.696743042   28.883072204   -3.102972494
    2.700278131   28.860671152  -11.410136496
    2.703813220   28.812834679  -16.478044346
    2.707348309   28.755677613  -14.108925510
    2.710883398   28.720958256   -0.556376527
    2.714418487   28.767553891   26.242542527
    2.717953577   28.883796382   36.585788022
    2.721488666   29.014433189   32.899911463
    2.725023755   29.086859350    8.246316144
    2.728558844   29.071657560  -12.130520127
    2.732093933   29.002496448  -21.767969259
    2.735629022   28.943181138  -10.058046823
    2.739164112   28.951925250   13.052840648
    2.742699201   29.025641678   22.851287311
    2.746234290   29.097508823   14.036423396
    2.749769379   29.105359550  -12.414650877
    2.753304468   29.021240216  -32.762792736
    2.756839557   28.886838549  -39.574715087
    2.760374647   28.761732081  -26.959112507
    2.763909736   28.702785928   -5.674150242
    2.767444825   28.707942918    7.535775436
    2.770979914   28.739961726    6.473706410
    2.774515003   28.761712588    4.201077573
    2.778050092   28.763335982   -1.625838451
    2.781585182   28.749099265   -3.892114317
    2.785120271   28.718813947  -13.693118563
    2.788655360   28.662102250  -18.228370884
    2.792190449   28.600621906  -15.693234382
    2.795725538   28.562934323   -1.959746117
    2.799260627   28.598875328   23.329349013
    2.802795717   28.681413192   21.902263170
    2.806330806   28.717561899   -1.971902870
    2.809865895   28.670768621  -24.154874123
    2.813400984   28.575413527  -27.019684538
    2.816936073   28.514948075   -5.610619200
    2.820471162   28.561231133   25.346340946
    2.824006252   28.676364960   31.836786356
    2.827541341   28.753301974   10.215901580
    2.831076430   28.752343960   -6.016269916
    2.834611519   28.712900357   -9.667491916
    2.838146608   28.704823396    7.486906767
    2.841681697   28.744245823   15.567633653
    2.845216787   28.793945873    8.290166722
    2.848751876   28.797791987   -3.905802290
    2.852286965   28.773874651   -7.306269604
    2.855822054   28.767927685    5.843759650
    2.859357143   28.809688804   17.970047060
    2.862892232   28.872703221   13.442172043
    2.866427322   28.894489651   -1.697996504
    2.869962411   28.887727250   -1.030182171
    2.873497500   28.879693305    0.559644708
    2.877032589   28.905804358   10.712796595
    2.880567678   28.950237094   11.069665540
    2.884102768   28.972528306    0.795525386
    2.887637857   28.970013512   -2.313070731
    2.891172946   28.974811711    3.892965510
    2.894708035   29.001887789    9.402683201
    2.898243124   29.038092879    8.429848358
    2.901778213   29.039383034   -7.771865295
    2.905313303   28.981383803  -20.381140067
    2.908848392   28.912050334  -18.055987897
    2.912383481   28.873188961   -0.065588667
    2.915918570   28.909629003   16.661241382
    2.919453659   28.971545154   14.555959170
    2.922988748   29.002480719    4.584814760
    2.926523838   29.009244938   -1.829748765
    2.930058927   28.991472324   -4.077905738
    2.933594016   28.974324787   -4.430975826
    2.937129105   28.949503469   -9.539696489
    2.940664194   28.920615618   -8.675086688
    2.944199283   28.891159390   -8.646184929
    2.947734373   28.881059774   -3.394999829
    2.951269462   28.901644070   12.948085918
    2.954804551   28.963656674   21.662165903
    2.958339640   29.053185715   24.998611509
    2.961874729   29.133299769   19.935134422
    2.965409818   29.178277653    2.799886832
    2.968944908   29.161832577  -12.568462156
    2.972479997   29.099578701  -17.755588053
    2.976015086   29.060818093   -2.815094960
    2.979550175   29.075283483    8.267013679
    2.983085264   29.121954626   13.840564434
    2.986620353   29.163035812    6.279145802
    2.990155443   29.159797004   -8.024446231
    2.993690532   29.123067060   -6.169562262
    2.997225621   29.113925306    3.419405907
    3.000760710   29.143618062   13.534186647
    3.004295799   29.202618886   18.035687143
    3.007830888   29.254758468   10.573281289
    3.011365978   29.272205550    2.682161688
    3.014901067   29.274069620   -4.341166471
    3.018436156   29.259685290   -5.746861399
    3.021971245   29.243005064   -7.234008923
    3.025506334   29.208723158  -12.101784116
    3.029041423   29.167588703  -11.772431678
    3.032576513   29.118202835   -9.948670479
    3.036111602   29.077747695  -13.978053493
    3.039646691   29.050571480   -1.702725578
    3.043181780   29.053146941    4.965256191
    3.046716869   29.094410814   17.232941809
    3.050251958   29.168013538   21.418090077
    3.053787048   29.239563276   17.638364224
    3.057322137   29.285376825    7.089725163
    3.060857226   29.295088695   -1.107133264
    3.064392315   29.277342260   -3.939248679
    3.067927404   29.270456393    3.444677483
    3.071462493   29.282692733    2.177442996
    3.074997583   29.295986708    4.548290591
    3.078532672   29.310494828    3.640629016
    3.082067761   29.326590526    8.463433168
    3.085602850   29.358200365    8.226189237
    3.089137939   29.398225682   14.325099485
    3.092673028   29.458412501   14.798339020
    3.096208118   29.513967240   15.667475380
    3.099743207   29.557827943    4.512358643
    3.103278296   29.538118363  -13.011397010
    3.106813385   29.452569766  -35.965133023
    3.110348474   29.316976496  -41.046296370
    3.113883563   29.178988157  -30.859373551
    3.117418653   29.103871649   -8.018441588
    3.120953742   29.110854839    9.677119398
    3.124488831   29.171678391   21.476148610
    3.128023920   29.239195097   17.153106786
    3.131559009   29.284792363    9.813225056
    3.135094098   29.297143760    2.609284425
    3.138629188   29.305000866    2.746561224
    3.142164277   29.297086791   -6.894067820
    3.145699366   29.267621330  -10.194342577
    3.149234455   29.221328647  -13.235516513
    3.152769544   29.168060564  -12.147338781
    3.156304633   29.138497205   -3.754680622
    3.159839723   29.148964473    9.222003226
    3.163374812   29.185267920    6.902362110
    3.166909901   29.204005737    4.355836519
    3.170444990   29.205669963   -2.170887296
    3.173980079   29.206153360    3.180651096
    3.177515168   29.241510487   14.775992645
    3.181050258   29.304153740   21.560870655
    3.184585347   29.370642805   11.172212808
    3.188120436   29.362437930  -15.038211019
    3.191655525   29.265768513  -34.233848982
    3.195190614   29.153851352  -26.544519771
    3.198725703   29.098707122   -0.846291112
    3.202260793   29.132082020   17.523750989
    3.205795882   29.179082363   10.248911093
    3.209330971   29.178707659   -7.066141891
    3.212866060   29.126624107  -15.856795488
    3.216401149   29.087462988   -1.930857109
    3.219936238   29.114833978   18.265053147
    3.223471328   29.185080824   20.805281371
    3.227006417   29.244016443    9.659719106
    3.230541506   29.260238310    1.548947328
    3.234076595   29.259147152    1.144122546
    3.237611684   29.284708569   14.413331088
    3.241146773   29.354041044   22.669441549
    3.244681863   29.423129288   13.188468279
    3.248216952   29.451091306    0.321092811
    3.251752041   29.448224433    1.334612105
    3.255287130   29.463087955    6.015269360
    3.258822219   29.509344176   14.869576387
    3.262357308   29.548129315    7.312807900
    3.265892398   29.553522776   -4.203463006
    3.269427487   29.545873791    1.369038560
    3.272962576   29.578792203   16.796983766
    3.276497665   29.661281750   26.926503551
    3.280032754   29.730375742   10.454149403
    3.283567843   29.710338136  -18.025128254
    3.287102933   29.617125330  -31.137702855
    3.290638022   29.528082016  -13.333791977
    3.294173111   29.524087598   10.126498211
    3.297708200   29.598279141   25.269817599
    3.301243289   29.681175909   15.836565481
    3.304778378   29.696532312   -5.322102980
    3.308313468   29.653389888  -15.571751704
    3.311848557   29.611593862   -6.099299803
    3.315383646   29.609806847    2.850587611
    3.318918735   29.602167553   -7.268199677
    3.322453824   29.569440859  -12.141707921
    3.325988913   29.519265442  -13.402720162
    3.329524003   29.495053083   -0.733868170
    3.333059092   29.521733267   17.737721120
    3.336594181   29.590124894   20.650250065
    3.340129270   29.648691014   10.284104717
    3.343664359   29.657108422   -2.004211635
    3.347199448   29.652419163   -2.620651808
    3.350734538   29.647535640    2.007193302
    3.354269627   29.667455070    6.805569795
    3.357804716   29.689606789    1.040759481
    3.361339805   29.675251681  -14.391423528
    3.364874894   29.605955997  -21.480303058
    3.368409983   29.554181094   -5.761293363
    3.371945073   29.557725431    7.779791978
    3.375480162   29.610413996   17.246429545
    3.379015251   29.652227890    5.885232692
    3.382550340   29.636893038  -13.020391957
    3.386085429   29.575142254  -18.074759603
    3.389620518   29.533514171    0.042237164
    3.393155608   29.574297520   25.001361409
    3.396690697   29.666676790   26.303124845
    3.400225786   29.740459283   11.230790356
    3.403760875   29.758194379   -2.776779684
    3.407295964   29.721346043  -11.511045372
    3.410831054   29.696236857   -1.215509317
    3.414366143   29.703977214    6.946463649
    3.417901232   29.733516003    6.820078440
    3.421436321   29.730372967   -9.543899758
    3.424971410   29.667236723  -30.641744794
    3.428506499   29.554264819  -34.147528068
    3.432041589   29.439410724  -30.405682597
    3.435576678   29.371907469  -10.027454617
    3.439111767   29.359829230    3.014542337
    3.442646856   29.366181958   -0.744784404
    3.446181945   29.346446764  -14.094779551
    3.449717034   29.266114748  -28.135313960
    3.453252124   29.161920862  -27.075014718
    3.456787213   29.110358720   -0.532190574
    3.460322302   29.162814101   25.450145334
    3.463857391   29.281697917   37.991561494
    3.467392480   29.377826076   16.929076727
    3.470927569   29.379430289  -13.541057181
    3.474462659   29.326970430  -13.203962380
    3.477997748   29.298512017    4.975187100
    3.481532837   29.366430502   32.840937711
    3.485067926   29.491573787   34.424327376
    3.488603015   29.573580378   10.080528029
    3.492138104   29.560194205  -16.974437781
    3.495673194   29.485821238  -25.464736528
    3.499208283   29.425076275   -8.162222129
    3.502743372   29.424990103    4.491404282
    3.506278461   29.438629461   -0.306602288
    3.509813550   29.415642928  -10.044608690
    3.513348639   29.357273931  -19.435983097
    3.516883729   29.290872301  -14.970817262
    3.520418818   29.261719825   -2.941382627
    3.523953907   29.273687160    7.571319232
    3.527488996   29.296034937    3.432649448
    3.531024085   29.298740054   -1.206056210
    3.534559174   29.302892819    1.219310622
    3.538094264   29.322512479   11.687583349
    3.541629353   29.360619496   13.520905667
    3.545164442   29.424762246   17.873997791
    3.548699531   29.456670950    6.979726441
    3.552234620   29.466916779    0.405558149
    3.555769709   29.439907204   -9.532641642
    3.559304799   29.391644479  -14.752716775
    3.562839888   29.349648554   -8.838304292
    3.566374977   29.331257330   -2.934090049
    3.569910066   29.331563534    3.392666950
    3.573445155   29.340664898    1.257109879
    3.576980244   29.355547697    4.566807693
    3.580515334   29.378256562    9.720365119
    3.584050423   29.415415618   12.233560942
    3.587585512   29.459462854   12.266227475
    3.591120601   29.491511366    6.286817732
    3.594655690   29.517636848    7.405342219
    3.598190779   29.546759987   10.160520906
    3.601725869   29.595845461   17.080424312
    3.605260958   29.654899228   14.907839026
    3.608796047   29.690967962    4.188696303
    3.612331136   29.677340878   -9.285232442
    3.615866225   29.631788088  -17.288346881
    3.619401314   29.573835261  -10.621732546
    3.622936404   29.570772590    9.076509639
    3.626471493   29.633050808   27.340177670
    3.630006582   29.720509048   18.691942258
    3.633541671   29.765229156    6.905930745
    3.637076760   29.773366679    2.323335482
    3.640611849   29.799270232   15.812112870
    3.644146939   29.864290988   25.196474358
    3.647682028   29.944379414   14.691470006
    3.651217117   29.963538427   -6.202526565
    3.654752206   29.896589547  -29.677001255
    3.658287295   29.781343022  -32.717311590
    3.661822384   29.703379213   -8.931144502
    3.665357474   29.708888239    6.481964341
    3.668892563   29.733467201    6.122139691
    3.672427652   29.741824770   -2.505368650
    3.675962741   29.707512647  -11.152625527
    3.679497830   29.685078266    0.779129011
    3.683032919   29.719801046   17.923579334
    3.686568009   29.786540852   17.175475745
    3.690103098   29.823842573   -0.432271613
    3.693638187   29.809021113   -6.232130309
    3.697173276   29.800424978    2.028982581
    3.700708365   29.833947951   17.404887002
    3.704243454   29.913244204   24.734329552
    3.707778544   29.988328533   15.931859038
    3.711313633   30.023807882    3.055667291
    3.714848722   30.021419841   -1.014398182
    3.718383811   30.030281677    5.488151611
    3.721918900   30.074255797   17.155811160
    3.725453989   30.129442136   13.806907080
    3.728989079   30.169589492    6.479408518
    3.732524168   30.172838874   -4.203932218
    3.736059257   30.159560949   -2.233575597
    3.739594346   30.161614003    3.577364825
    3.743129435   30.173478055    2.706059537
    3.746664524   30.171993313   -0.282514914
    3.750199614   30.180181086    3.370637439
    3.753734703   30.216750382   15.333394382
    3.757269792   30.276726042   17.279101808
    3.760804881   30.315819989    4.935271153
    3.764339970   30.318491212   -2.762442588
    3.767875059   30.310493445    0.124519173
    3.771410149   30.330914261   10.646155804
    3.774945238   30.364350269    6.875156942
    3.778480327   30.363142731   -8.218559034
    3.782015416   30.306898863  -25.861151927
    3.785550505   30.208776921  -28.933728723
    3.789085594   30.136633870   -9.679282719
    3.792620684   30.156374359   15.205245892
    3.796155773   30.223579920   16.974275916
    3.799690862   30.242021295   -9.180477229
    3.803225951   30.165627064  -29.380087093
    3.806761040   30.076614592  -16.512611209
    3.810296129   30.059452486    7.734726483
    3.813831219   30.105075144   16.692228510
    3.817366308   30.150801294    5.760478672
    3.820901397   30.133301642  -16.029253312
    3.824436486   30.071870271  -17.197664962
    3.827971575   30.049359653    4.509083895
    3.831506664   30.094446983   19.988173633
    3.835041754   30.162258841   14.234949708
    3.838576843   30.164056233  -12.045358744
    3.842111932   30.081332975  -31.689817291
    3.845647021   29.951903484  -35.564058675
    3.849182110   29.858375428  -17.500086616
    3.852717199   29.830096699   -0.675826812
    3.856252289   29.825539418   -1.852615094
    3.859787378   29.814328536   -5.341600616
    3.863322467   29.798684332   -5.924503105
    3.866857556   29.784749177   -2.588131148
    3.870392645   29.787180112    1.963752255
    3.873927734   29.804694050    5.943080151
    3.877462824   29.804858277   -1.715213344
    3.880997913   29.782928572   -9.046150697
    3.884533002   29.753875617   -3.590769462
    3.888068091   29.769859076   10.665385487
    3.891603180   29.810972925   10.088653463
    3.895138269   29.833123476    1.537496694
    3.898673359   29.829311866   -3.589154990
    3.902208448   29.809885224   -3.089946406
    3.905743537   29.821244847    9.789968310
    3.909278626   29.866943390   15.303431373
    3.912813715   29.919296795   11.217947607
    3.916348804   29.936600636    0.931577766
    3.919883894   29.913451614  -15.441808445
    3.923418983   29.854075603  -15.868652253
    3.926954072   29.793942506  -16.543319244
    3.930489161   29.749925459  -11.133652005
    3.934024250   29.713673331   -9.628765881
    3.937559339   29.686865166   -9.011902652
    3.941094429   29.659691278  -10.820469387
    3.944629518   29.634115365   -8.720823283
    3.948164607   29.599584502   -4.124827987
    3.951699696   29.587657926   -1.766316555
    3.955234785   29.588073060    0.610609513
    3.958769875   29.576177961  -10.180236140
    3.962304964   29.529666567  -15.069120384
    3.965840053   29.474404693  -16.693269154
    3.969375142   29.427860131   -9.166238200
    3.972910231   29.399677257   -2.596712963
    3.976445320   29.409865575    6.107547552
    3.979980410   29.426175669    0.750375135
    3.983515499   29.407232772  -12.951868010
    3.987050588   29.350860048  -18.062831305
    3.990585677   29.288032994  -15.115727869
    3.994120766   29.263302203    1.907099394
    3.997655855   29.284170669    5.003265993
    4.001190945   29.293262959   -1.534933478
    4.004726034   29.281549192   -2.984159695
    4.008261123   29.269759389   -4.688964183
    4.011796212   29.253515975   -4.347128510
    4.015331301   29.247073828   -1.161385692
    4.018866390   29.248252163    2.456874745
    4.022401480   29.252716574   -0.283680849
    4.025936569   29.247594092   -1.680639496
    4.029471658   29.226605469  -10.534810909
    4.033006747   29.192588220   -8.997734022
    4.036541836   29.154028968  -11.539000525
    4.040076925   29.134107752   -3.105073391
    4.043612015   29.136218345    4.538815570
    4.047147104   29.154043631    3.239661612
    4.050682193   29.147734853   -9.395054773
    4.054217282   29.085007691  -22.699829838
    4.057752371   29.009141881  -20.524395121
    4.061287460   28.954501956   -9.079320862
    4.064822550   28.949235566    1.759961833
    4.068357639   28.949571701   -5.725785661
    4.071892728   28.891456416  -27.380752087
    4.075427817   28.775989248  -36.981785150
    4.078962906   28.654431616  -27.326808558
    4.082497995   28.602840769    0.413270273
    4.086033085   28.647575044   20.576910627
    4.089568174   28.731081396   21.721063341
    4.093103263   28.781383238    5.043000447
    4.096638352   28.779313839   -2.903617151
    4.100173441   28.766329319   -0.005714833
    4.103708530   28.782205941   10.294439299
    4.107243620   28.830639648   17.052766330
    4.110778709   28.879204679    8.974398913
    4.114313798   28.877217184   -8.635132207
    4.117848887   28.837609182  -11.432241050
    4.121383976   28.803099179   -4.525898715
    4.124919065   28.815517467   13.975011771
    4.128454155   28.884927563   22.851689330
    4.131989244   28.965085809   23.317382651
    4.135524333   29.037039046   13.424071106
    4.139059422   29.065541714    3.532643105
    4.142594511   29.054857918   -8.943809198
    4.146129600   29.012895420  -12.792600897
    4.149664690   28.963343545  -15.381682896
    4.153199779   28.916808294  -11.143279461
    4.156734868   28.880433460  -10.335330848
    4.160269957   28.869195446    0.318876164
    4.163805046   28.879478083    5.172744824
    4.167340135   28.906655348   10.097667771
    4.170875225   28.935044496    2.436879769
    4.174410314   28.914045814  -12.425168714
    4.177945403   28.852252037  -17.054655044
    4.181480492   28.807267357   -4.784682084
    4.185015581   28.827881336   18.013961863
    4.188550670   28.920239569   29.938975026
    4.192085760   29.021899605   25.498898861
    4.195620849   29.077617909    6.731437695
    4.199155938   29.067172598  -10.257039709
    4.202691027   29.017844099  -14.529178940
    4.206226116   28.970228568   -9.406970298
    4.209761205   28.957128412    0.778855839
    4.213296295   28.971824839    6.009538369
    4.216831384   29.002718762    9.609755657
    4.220366473   29.034357570    6.408571304
    4.223901562   29.053370357    4.355426172
    4.227436651   29.055169738   -5.197879411
    4.230971740   29.017339459  -16.004665701
    4.234506830   28.945994127  -22.088881593
    4.238041919   28.871978572  -16.742030665
    4.241577008   28.824440388  -14.673458379
    4.245112097   28.785692214   -7.754839189
    4.248647186   28.760696470   -7.118153392
    4.252182275   28.721491715  -15.626598324
    4.255717365   28.665422473  -12.937722738
    4.259252454   28.635596537   -2.880429432
    4.262787543   28.652448003    9.866802429
    4.266322632   28.675729333    3.842006979
    4.269857721   28.664416765  -10.192198819
    4.273392810   28.613338006  -16.521656333
    4.276927900   28.561322418   -7.463176694
    4.280462989   28.579670159   17.117073903
    4.283998078   28.667145776   29.572724145
    4.287533167   28.773516943   24.011438340
    4.291068256   28.822869038    2.213035461
    4.294603345   28.795778806  -14.176046444
    4.298138435   28.722631713  -22.940241731
    4.301673524   28.649948866  -16.395727292
    4.305208613   28.617683913   -3.842957535
    4.308743702   28.616242150    2.509465932
    4.312278791   28.623745314   -2.505225932
    4.315813880   28.610902781   -5.327284911
    4.319348970   28.570790656  -16.211062998
    4.322884059   28.521497051   -7.979886437
    4.326419148   28.527595058   11.590319998
    4.329954237   28.586848259   21.972751246
    4.333489326   28.672681285   25.891173389
    4.337024415   28.757165293   24.181340400
    4.340559505   28.833335221   14.854726497
    4.344094594   28.864733281    3.540615954
    4.347629683   28.850451732   -8.696471082
    4.351164772   28.806876252  -15.579467740
    4.354699861   28.732694454  -22.761270489
    4.358234950   28.654188120  -22.267925311
    4.361770040   28.582950856  -16.015841089
    4.365305129   28.531771143   -9.595689437
    4.368840218   28.520983166    3.685798443
    4.372375307   28.540085168    5.962534229
    4.375910396   28.572891793    6.595720971
    4.379445485   28.584741284    0.402730191
    4.382980575   28.559266068  -16.028307022
    4.386515664   28.492857686  -19.735231576
    4.390050753   28.434725351  -10.464352307
    4.393585842   28.444866635   16.938960277
    4.397120931   28.535338384   30.328705170
    4.400656020   28.618749425   17.117654421
    4.404191110   28.644894709   -0.048967868
    4.407726199   28.627131690   -7.666149293
    4.411261288   28.613314679    0.886235770
    4.414796377   28.652853713   19.226356223
    4.418331466   28.727713189   19.267043850
    4.421866555   28.755972746   -2.640480087
    4.425401645   28.681607416  -32.422838321
    4.428936734   28.551657179  -35.956332579
    4.432471823   28.450947741  -19.169347313
    4.436006912   28.428104157    8.138486232
    4.439542001   28.492994539   23.156627725
    4.443077090   28.583740098   23.942550646
    4.446612180   28.651767312   11.613979378
    4.450147269   28.669977135    1.986124479
    4.453682358   28.655448289   -9.484034104
    4.457217447   28.632565363   -5.720562362
    4.460752536   28.609500537   -8.563243092
    4.464287625   28.587379678   -5.558887324
    4.467822715   28.560260235   -8.620973484
    4.471357804   28.518559361   -9.575591278
    4.474892893   28.500791258   -2.347302517
    4.478427982   28.496591001   -3.262293485
    4.481963071   28.487421397   -3.779148583
    4.485498161   28.456112531  -14.252865877
    4.489033250   28.400375945  -16.979784808
    4.492568339   28.342898089  -13.051459206
    4.496103428   28.295843713   -9.992117204
    4.499638517   28.297231882   10.434983850
    4.503173606   28.352733011   18.994016709
    4.506708696   28.425062538   21.455065574
    4.510243785   28.491448677   15.878359015
    4.513778874   28.538726127    5.431694175
    4.517313963   28.528167980   -9.934563337
    4.520849052   28.475021493  -18.898239383
    4.524384141   28.388383183  -24.686188916
    4.527919231   28.320590230  -10.674174700
    4.531454320   28.313092990    3.830167247
    4.534989409   28.336131491    4.222798920
    4.538524498   28.326182602  -10.276767592
    4.542059587   28.261690199  -22.193505378
    4.545594676   28.187080827  -17.952835044
    4.549129766   28.169518038    8.464524946
    4.552664855   28.233295106   27.008524410
    4.556199944   28.338375419   28.631890045
    4.559735033   28.403885982    8.372402387
    4.563270122   28.381119210  -19.843715433
    4.566805211   28.284026101  -30.463048841
    4.570340301   28.209480874  -11.891997352
    4.573875390   28.191597312    0.046224105
    4.577410479   28.196334802   -1.512393527
    4.580945568   28.169886175  -12.198628326
    4.584480657   28.109727411  -20.135785576
    4.588015746   28.039786830  -14.008889768
    4.591550836   28.021690696    1.890194400
    4.595085925   28.062002955   20.033914892
    4.598621014   28.137174547   22.166772167
    4.602156103   28.183721648    6.044336746
    4.605691192   28.165890359  -14.965506996
    4.609226281   28.093892563  -24.389472001
    4.612761371   27.993654321  -28.965513423
    4.616296460   27.911659781  -17.327242379
    4.619831549   27.857163431  -12.230054143
    4.623366638   27.807150791  -12.509097388
    4.626901727   27.773559757   -5.759687065
    4.630436816   27.774058925    7.420078458
    4.633971906   27.823510632   19.655260391
    4.637506995   27.908090428   25.460672060
    4.641042084   27.980144658   12.360788188
    4.644577173   27.990865538   -5.377958909
    4.648112262   27.946601056  -19.571737542
    4.651647351   27.873630489  -16.810150589
    4.655182441   27.832295073   -6.391432257
    4.658717530   27.824433910    2.673765527
    4.662252619   27.833206535    0.302284805
    4.665787708   27.831058535   -2.921076659
    4.669322797   27.817078682   -4.547842794
    4.672857886   27.796134283   -1.405421093
    4.676392976   27.800676660    2.015597672
    4.679928065   27.815539002    4.409678406
    4.683463154   27.824599998    1.786396695
    4.686998243   27.840396763    3.871897358
    4.690533332   27.860569216    8.096402826
    4.694068421   27.889719298    4.979144031
    4.697603511   27.893002693   -2.075256434
    4.701138600   27.876404155   -7.981350644
    4.704673689   27.846415564   -7.557491291
    4.708208778   27.832360448   -0.641519087
    4.711743867   27.836827264    3.427812479
    4.715278956   27.844859033    2.190211457
    4.718814046   27.845808476   -2.206588565
    4.722349135   27.846154924    4.065513585
    4.725884224   27.871353486    5.131483077
    4.729419313   27.902518252    7.535028373
    4.732954402   27.904763675   -3.898350338
    4.736489491   27.871668416  -14.464252501
    4.740024581   27.810751316  -19.784726233
    4.743559670   27.747143446  -12.168782885
    4.747094759   27.733008686    2.128747937
    4.750629848   27.750712780    5.477240369
    4.754164937   27.751471191   -3.865924756
    4.757700026   27.723345457   -9.923689647
    4.761235116   27.693412429   -5.037639545
    4.764770205   27.710434809   12.193945147
    4.768305294   27.789042105   31.498243232
    4.771840383   27.906083420   30.672945015
    4.775375472   27.981566641   10.874682821
    4.778910561   27.985769127   -9.715810036
    4.782445651   27.929092429  -18.252354215
    4.785980740   27.875138227   -9.288308155
    4.789515829   27.885184894   12.408724745
    4.793050918   27.951098536   24.279907939
    4.796586007   28.021967107   13.914358768
    4.800121096   28.055161493    1.882207566
    4.803656186   28.026929232  -10.050412475
    4.807191275   27.994940013   -5.065789712
    4.810726364   28.003969410    9.974156725
    4.814261453   28.071132132   25.376763856
    4.817796542   28.169059403   22.196187709
    4.821331631   28.198732057   -6.246081557
    4.824866721   28.124408016  -30.656266601
    4.828401810   28.008224546  -29.368682107
    4.831936899   27.931316690   -8.169990601
    4.835471988   27.947588155   14.959998083
    4.839007077   28.015877102   19.933029460
    4.842542166   28.075766052    9.677857037
    4.846077256   28.086211345   -1.923014176
    4.849612345   28.085341354    2.025406585
    4.853147434   28.107853092   10.624199926
    4.856682523   28.157979815   14.478054308
    4.860217612   28.206558567    8.610431859
    4.863752701   28.210578438   -2.223927173
    4.867287791   28.189434258   -2.735500248
    4.870822880   28.189473464    2.189021885
    4.874357969   28.194667506    1.943969391
    4.877893058   28.175065295  -14.365889706
    4.881428147   28.097094019  -27.393384186
    4.884963236   28.016059934  -18.309968226
    4.888498326   27.973900321   -4.126485938
    4.892033415   27.974171168    4.160252070
    4.895568504   27.992474017    6.453158581
    4.899103593   28.010589903    4.863742073
    4.902638682   28.040455409   11.894020587
    4.906173771   28.094877025   17.889495782
    4.909708861   28.167110303   19.686309203
    4.913243950   28.228313605   14.588192451
    4.916779039   28.265460329    8.170176315
    4.920314128   28.282861912    0.147225958
    4.923849217   28.277485515   -0.725634315
    4.927384306   28.278219490    1.236089905
    4.930919396   28.287938894    1.717623587
    4.934454485   28.286372131   -2.214131807
    4.937989574   28.274545643   -2.728299842
    4.941524663   28.272191448    1.643749953
    4.945059752   28.267311712   -4.064871520
    4.948594841   28.252054450   -4.466538473
    4.952129931   28.248125914    1.838941241
    4.955665020   28.272581791   10.926235720
    4.959200109   28.322349970   18.347731959
    4.962735198   28.385531188   16.498787106
    4.966270287   28.431577604   10.111872863
    4.969805376   28.454590720    6.552928658
    4.973340466   28.464189299    1.695080290
    4.976875555   28.466765311   -2.462269265
    4.980410644   28.461970175   -1.250733749
    4.983945733   28.471878237    6.400660048
    4.987480822   28.516639099   18.217474670
    4.991015911   28.586896140   21.246914216
    4.994551001   28.663783318   22.053092621
    4.998086090   28.729500223   13.737438949
    5.001621179   28.753925206   -1.087787394
    5.005156268   28.731935830  -11.043395474
    5.008691357   28.687651485  -13.026662488
    5.012226446   28.662082901   -2.576944885
    5.015761536   28.645785777   -5.186485235
    5.019296625   28.640774996   -1.022128722
    5.022831714   28.642925244    1.470511384
    5.026366803   28.658549431    9.599070419
    5.029901892   28.719978007   23.740003532
    5.033436982   28.832785321   38.349843462
    5.036972071   28.969840023   36.084061037
    5.040507160   29.084024781   28.895430606
    5.044042249   29.171640761   23.036596823
    5.047577338   29.245292571   15.834828646
    5.051112427   29.305501175   18.212781591
    5.054647517   29.375464749   17.998941419
    5.058182606   29.429373440   11.995189463
    5.061717695   29.454799628    4.258777198
    5.065252784   29.449380316   -4.703312438
    5.068787873   29.442488225   -1.581523718
    5.072322962   29.438484222    3.033606378
    5.075858052   29.470789617   15.005677738
    5.079393141   29.528453117   17.560201634
    5.082928230   29.615718802   27.957416130
    5.086463319   29.720973852   30.937710842
    5.089998408   29.838627954   32.593123105
    5.093533497   29.940184603   24.409632301
    5.097068587   30.017713182   21.714879557
    5.100603676   30.113819623   33.564259848
    5.104138765   30.262329970   47.332539597
    5.107673854   30.429200335   42.397701934
    5.111208943   30.555317773   27.474364838
    5.114744032   30.634268507   15.490925446
    5.118279122   30.680722945   12.842663039
    5.121814211   30.748793828   25.757273111
    5.125349300   30.857711148   30.800393978
    5.128884389   30.958656159   26.190880702
    5.132419478   31.017437825    7.961923072
    5.135954567   31.021645016   -2.028516773
    5.139489657   31.028835492    8.687617309
    5.143024746   31.097257795   31.425102653
    5.146559835   31.243788995   50.599952404
    5.150094924   31.415790819   49.203815788
    5.153630013   31.594907155   51.857027832
    5.157165102   31.782461867   52.958531695
    5.160700192   31.990474874   62.033015053
    5.164235281   32.224135049   67.024734296
    5.167770370   32.452332757   63.034831737
    5.171305459   32.642194791   47.750306169
    5.174840548   32.781710960   31.215031190
    5.178375637   32.880415160   23.898849028
    5.181910727   32.971332498   28.395982952
    5.185445816   33.087080084   37.421085657
    5.188980905   33.224120900   41.071893385
    5.192515994   33.378779870   47.333299027
    5.196051083   33.564046181   53.912920598
    5.199586172   33.763163908   56.915698500
    5.203121262   33.947365587   48.114581624
    5.206656351   34.114897816   45.378563270
    5.210191440   34.279647824   46.375171504
    5.213726529   34.446328149   49.255692417
    5.217261618   34.622448499   52.744142764
    5.220796707   34.824450261   62.380770094
    5.224331797   35.058478859   71.071870261
    5.227866886   35.297826050   60.368317116
    5.231401975   35.518192391   61.976546839
    5.234937064   35.765641737   74.219249278
    5.238472153   36.047917233   86.136851046
    5.242007242   36.328259751   74.056141397
    5.245542332   36.549212081   48.894245413
    5.249077421   36.690046213   31.348892429
    5.252612510   36.803179857   37.358837337
    5.256147599   36.972981275   61.692680511
    5.259682688   37.242894291   88.289378861
    5.263217777   37.573616756   97.326599805
    5.266752867   37.918637335   93.875654254
    5.270287956   38.217023651   76.632879544
    5.273823045   38.467029423   66.139989562
    5.277358134   38.688904634   57.577764400
    5.280893223   38.893677571   55.567949761
    5.284428312   39.101876943   61.472850858
    5.287963402   39.332207641   75.172943486
    5.291498491   39.634688766   94.342415600
    5.295033580   39.973575842   99.543449422
    5.298568669   40.321959669   94.026346379
    5.302103758   40.658363949   94.715357648
    5.305638847   40.999702802   98.112145240
    5.309173937   41.355345588  104.001996826
    5.312709026   41.711304108  101.740883513
    5.316244115   42.063091434   96.848218034
    5.319779204   42.389033040   86.229315836
    5.323314293   42.688512008   81.223188916
    5.326849382   42.960277779   75.586835111
    5.330384472   43.222677470   67.842112022
    5.333919561   43.453424852   65.552287579
    5.337454650   43.705359472   74.415660602
    5.340989739   43.971952943   78.488054585
    5.344524828   44.262701475   81.444552450
    5.348059917   44.545584869   79.801813116
    5.351595007   44.832358676   81.191877713
    5.355130096   45.125914783   84.697054500
    5.358665185   45.450684036   98.196137388
    5.362200274   45.807038616  103.506271664
    5.365735363   46.174585929  107.941782303
    5.369270452   46.568674394  114.240528912
    5.372805542   47.010330073  135.218569803
    5.376340631   47.516578057  151.265255805
    5.379875720   48.040439919  140.422505725
    5.383410809   48.490490946  115.182722118
    5.386945898   48.843806697   86.380468379
    5.390480987   49.125578607   76.730185642
    5.394016077   49.417008553   86.786264589
    5.397551166   49.763868810  113.937635595
    5.401086255   50.200301168  131.367984362
    5.404621344   50.680318690  138.661250529
    5.408156433   51.159636567  128.775050913
    5.411691522   51.598093783  123.388085225
    5.415226612   52.033086141  123.087324376
    5.418761701   52.480596624  131.525951628
    5.422296790   52.959453741  138.070081177
    5.425831879   53.451624733  143.239488076
    5.429366968   53.971303277  147.614678036
    5.432902057   54.505393185  156.122087937
    5.436437147   55.072237193  167.428238884
    5.439972236   55.667313829  167.138856079
    5.443507325   56.242014412  151.681885416
    5.447042414   56.728286305  124.896986111
    5.450577503   57.135521124  110.684410517
    5.454112592   57.584155404  153.990048955
    5.457647682   58.253825070  224.385867677
    5.461182771   59.144840465  268.671630002
    5.464717860   60.026553257  207.922336846
    5.468252949   60.502541753   56.279817240
    5.471788038   60.482416679  -41.575298095
    5.475323127   60.459595676   70.460593077
    5.478858217   61.228069905  383.573674048
    5.482393306   63.105597888  638.926757555
    5.485928395   65.247240146  487.024052078
    5.489463484   65.968371719 -133.748351115
    5.492998573   64.283526009 -752.731635323
    5.496533662   61.670370053 -506.186681835
    5.500068752   62.551371982 1282.953154908
    5.503603841   72.500133023 4525.536223023
    5.507138930   95.103232763 8224.185890341
    5.510674019  129.529681166 10995.886486162
    5.514209108  170.574817345 11872.809265751
    5.517744197  211.118449777 10775.377966251
    5.521279287  245.219308671 8384.085603257
    5.524814376  270.020882534 5666.910609417
    5.528349465  285.770824043 3349.265899021
    5.531884554  294.554471870 1742.230966313
    5.535419643  298.863374234  788.267398761
    5.538954732  300.671501108  294.805883591
    5.542489822  301.284157200   84.401875883
    5.546024911  301.430368948   12.773387133
    5.549560000  301.443795701   -0.000000000
