#! FIELDS D0 file.free der_D0
#! SET min_D0 0.204422
#! SET max_D0 4.36482
#! SET nbins_D0  1178
#! SET periodic_D0 false
    0.204422000  204.187475432   -0.000000000
    0.207956748  204.184620634   -1.959881724
    0.211491495  204.149095580  -21.822567697
    0.215026243  203.986064738  -80.245866611
    0.218560991  203.491800990 -216.652235365
    0.222095738  202.283422210 -499.095800052
    0.225630486  199.716400442 -996.949832244
    0.229165234  194.921972812 -1760.179759149
    0.232699981  187.001556174 -2749.710585299
    0.236234729  175.384046752 -3813.133331276
    0.239769477  160.264629968 -4686.795484360
    0.243304224  142.761229978 -5127.827595949
    0.246838972  124.669137263 -5017.156896922
    0.250373720  107.858862139 -4433.353725725
    0.253908467   93.604104671 -3615.173383137
    0.257443215   82.245080688 -2836.215187965
    0.260977963   73.319455282 -2252.648269761
    0.264512710   66.042686144 -1897.240472114
    0.268047458   59.726919941 -1692.381835945
    0.271582206   54.013960962 -1541.282416018
    0.275116953   48.844906527 -1377.648010799
    0.278651701   44.298852308 -1191.206140918
    0.282186449   40.409256196 -1010.659095877
    0.285721196   37.127621938 -852.746575531
    0.289255944   34.348694836 -724.337741953
    0.292790692   31.972006785 -624.449832763
    0.296325439   29.928638524 -535.632901875
    0.299860187   28.164966977 -464.498749517
    0.303394935   26.627029913 -410.062465314
    0.306929682   25.241117278 -373.046901906
    0.310464430   23.972716613 -344.952747069
    0.313999178   22.802704594 -315.057382953
    0.317533925   21.764745314 -267.601296019
    0.321068673   20.923011172 -211.495124953
    0.324603421   20.253075801 -168.315769221
    0.328138168   19.699824782 -147.716025592
    0.331672916   19.206835384 -132.481959251
    0.335207664   18.752605207 -122.365503442
    0.338742411   18.339727451 -110.304230881
    0.342277159   17.972444704  -96.947006873
    0.345811907   17.660611400  -78.027117464
    0.349346654   17.403644959  -66.745003870
    0.352881402   17.175088188  -63.881429777
    0.356416150   16.947833996  -67.561992833
    0.359950897   16.692327957  -78.081267017
    0.363485645   16.391329557  -90.499045860
    0.367020393   16.058910594  -95.855516763
    0.370555140   15.718851096  -93.758405062
    0.374089888   15.407767368  -82.846337498
    0.377624636   15.131573777  -73.464070455
    0.381159383   14.872378533  -73.730899839
    0.384694131   14.606210680  -76.284437094
    0.388228879   14.344534250  -70.548907254
    0.391763626   14.098686420  -68.923822961
    0.395298374   13.856431669  -69.986512326
    0.398833121   13.604137699  -73.564847972
    0.402367869   13.330849558  -77.990239649
    0.405902617   13.059126292  -73.287299638
    0.409437364   12.813691299  -65.820814617
    0.412972112   12.604224518  -54.472889441
    0.416506860   12.428171612  -45.533141640
    0.420041607   12.257950108  -48.486960115
    0.423576355   12.080066875  -53.453122477
    0.427111103   11.885189499  -57.649875200
    0.430645850   11.678897721  -59.463533330
    0.434180598   11.475153532  -54.077617950
    0.437715346   11.305836479  -40.799171730
    0.441250093   11.178188472  -32.254053036
    0.444784841   11.076971159  -27.609790997
    0.448319589   10.965219046  -36.776248951
    0.451854336   10.814214844  -49.046913443
    0.455389084   10.626324744  -56.422453954
    0.458923832   10.420374235  -57.981057424
    0.462458579   10.224482725  -53.105612048
    0.465993327   10.041070701  -55.758540340
    0.469528075    9.841497040  -59.134070379
    0.473062822    9.616699960  -65.740066316
    0.476597570    9.358714802  -78.052748092
    0.480132318    9.064411088  -87.987321059
    0.483667065    8.746893210  -92.782675899
    0.487201813    8.420734545  -88.978438938
    0.490736561    8.112570248  -85.487587700
    0.494271308    7.814922901  -85.265163455
    0.497806056    7.505895427  -96.126027803
    0.501340804    7.133590278 -117.531635082
    0.504875551    6.673558495 -143.668143160
    0.508410299    6.136745386 -157.382256191
    0.511945047    5.565258077 -162.246340551
    0.515479794    5.022933132 -143.714962899
    0.519014542    4.546291381 -126.321504597
    0.522549290    4.124877694 -113.337389430
    0.526084037    3.726247399 -115.772849516
    0.529618785    3.305851962 -120.805807796
    0.533153533    2.876751787 -121.723969703
    0.536688280    2.453699950 -117.852463204
    0.540223028    2.067225847 -102.072023300
    0.543757776    1.739251941  -85.346238881
    0.547292523    1.447422647  -79.028845057
    0.550827271    1.174053153  -75.143813966
    0.554362019    0.921780984  -68.793265068
    0.557896766    0.698657062  -55.864914106
    0.561431514    0.521171190  -43.885353695
    0.564966262    0.396540638  -28.510998374
    0.568501009    0.316095169  -21.650542441
    0.572035757    0.245761932  -22.057434227
    0.575570505    0.158962980  -27.238907435
    0.579105252    0.061322913  -24.368607094
    0.582640000    0.000000000   -8.058268822
    0.586174748    0.018135807   16.752869747
    0.589709495    0.099246088   26.160871931
    0.593244243    0.182056445   18.151457832
    0.596778991    0.216254865   -0.028334340
    0.600313738    0.200967649   -6.990199011
    0.603848486    0.189603749    4.311318886
    0.607383234    0.238543850   23.768900135
    0.610917981    0.361749034   44.051706471
    0.614452729    0.535471080   50.424242204
    0.617987477    0.704582806   44.063757532
    0.621522224    0.849989232   38.678818288
    0.625056972    0.988267973   37.228653524
    0.628591720    1.128931993   42.051773288
    0.632126467    1.278392759   42.548562331
    0.635661215    1.433427039   45.169757088
    0.639195963    1.599848293   51.554817336
    0.642730710    1.792054510   58.014986628
    0.646265458    2.018376576   69.909278346
    0.649800206    2.284619737   80.520524536
    0.653334953    2.589072825   89.246793306
    0.656869701    2.906851461   90.659615415
    0.660404449    3.219408652   86.071214767
    0.663939196    3.515333585   78.984637890
    0.667473944    3.785546105   72.495068724
    0.671008692    4.035076409   68.128764729
    0.674543439    4.274306167   68.221670030
    0.678078187    4.514563411   69.447506890
    0.681612935    4.764639637   72.040088869
    0.685147682    5.015411265   69.112747497
    0.688682430    5.243985072   60.359131905
    0.692217178    5.447460675   55.550962416
    0.695751925    5.645234214   57.603193755
    0.699286673    5.872426846   70.500663510
    0.702821421    6.150011198   86.744831098
    0.706356168    6.485144269  102.054662544
    0.709890916    6.842821392  101.631755800
    0.713425664    7.187402591   92.622010772
    0.716960411    7.489467067   77.735665726
    0.720495159    7.759770000   76.264782401
    0.724029907    8.046450212   86.006307582
    0.727564654    8.373947334   96.875127223
    0.731099402    8.715381699   95.902539322
    0.734634150    9.030693698   79.795784709
    0.738168897    9.275357587   58.880924735
    0.741703645    9.456939023   45.342472713
    0.745238393    9.626464238   54.945573976
    0.748773140    9.868317157   84.725359902
    0.752307888   10.229061823  115.544905755
    0.755842636   10.657804383  121.366175259
    0.759377383   11.047248574   96.549167131
    0.762912131   11.311782700   55.537966746
    0.766446879   11.448939434   27.313451183
    0.769981626   11.540357198   30.420114506
    0.773516374   11.683130774   51.325653749
    0.777051121   11.898472078   71.354655700
    0.780585869   12.156494797   73.820062260
    0.784120617   12.405751674   65.204174568
    0.787655364   12.606017214   49.490961165
    0.791190112   12.774797136   46.688000643
    0.794724860   12.934314359   45.454102083
    0.798259607   13.081311362   37.230304156
    0.801794355   13.208496066   36.821021622
    0.805329103   13.346131624   43.972805958
    0.808863850   13.513086413   50.690672270
    0.812398598   13.697431271   48.566541579
    0.815933346   13.847609588   33.282503295
    0.819468093   13.928717193   13.880610614
    0.823002841   13.967148888    9.524609370
    0.826537589   14.024782755   24.862933189
    0.830072336   14.142563328   40.075552518
    0.833607084   14.271650648   33.755994139
    0.837141832   14.359902351   16.217973402
    0.840676579   14.393002080    6.253412165
    0.844211327   14.405830477    4.592574038
    0.847746075   14.440645975   16.680767069
    0.851280822   14.506257080   18.766377776
    0.854815570   14.552025219    5.288359593
    0.858350318   14.544478065   -9.420185849
    0.861885065   14.502219028  -12.488856548
    0.865419813   14.484003790    4.371356186
    0.868954561   14.530282477   22.855491111
    0.872489308   14.629827057   29.306455339
    0.876024056   14.726885756   24.074661958
    0.879558804   14.791061218   15.653552548
    0.883093551   14.848773749   17.957040876
    0.886628299   14.931570088   30.122842418
    0.890163047   15.060148355   40.858410668
    0.893697794   15.200600645   36.989902145
    0.897232542   15.310804729   22.558856368
    0.900767290   15.364910129   10.188746744
    0.904302037   15.404905124   16.356134141
    0.907836785   15.502670902   40.512691074
    0.911371533   15.663963934   52.223833263
    0.914906280   15.839268929   43.305415105
    0.918441028   15.962192846   25.435908685
    0.921975776   16.027121564   13.376525082
    0.925510523   16.075318197   18.106835696
    0.929045271   16.157830942   27.984509630
    0.932580019   16.262042926   28.714873811
    0.936114766   16.353358169   19.926761630
    0.939649514   16.413015638   16.503089396
    0.943184262   16.478761514   23.432125798
    0.946719009   16.595407535   40.137637834
    0.950253757   16.757771888   48.851172710
    0.953788505   16.909315788   35.841258985
    0.957323252   16.998037537   15.692487483
    0.960858000   17.034792384    8.173415120
    0.964392748   17.082141075   20.941521553
    0.967927495   17.188848573   34.690513914
    0.971462243   17.320060467   35.286305352
    0.974996991   17.413032819   13.867207130
    0.978531738   17.435128700    0.488101250
    0.982066486   17.416926782   -1.399457428
    0.985601234   17.435614684   14.971929227
    0.989135981   17.536290520   41.643544718
    0.992670729   17.704424142   47.518653928
    0.996205477   17.858133376   37.680854476
    0.999740224   17.959321595   20.706275106
    1.003274972   18.006534452   12.228233901
    1.006809720   18.053683986   16.281911516
    1.010344467   18.132170420   26.714599955
    1.013879215   18.229392640   27.534742269
    1.017413963   18.315195479   19.232609202
    1.020948710   18.368727581   11.367755882
    1.024483458   18.410022489   15.285520818
    1.028018206   18.485714613   26.313964303
    1.031552953   18.588492902   30.636521675
    1.035087701   18.689602654   23.172524481
    1.038622449   18.740475143    2.739537714
    1.042157196   18.728866416   -8.635353013
    1.045691944   18.692252736   -9.096997826
    1.049226692   18.679581622    2.823665952
    1.052761439   18.706381663   14.135306612
    1.056296187   18.759130686   16.481769740
    1.059830935   18.834306382   23.117812606
    1.063365682   18.911162985   17.378895852
    1.066900430   18.983179574   22.725452275
    1.070435178   19.074763469   28.352773458
    1.073969925   19.178313657   31.646590960
    1.077504673   19.290802294   29.842832192
    1.081039421   19.376903502   17.493163455
    1.084574168   19.420399838    9.078393607
    1.088108916   19.436749708    3.650375457
    1.091643664   19.454024457    7.794412065
    1.095178411   19.498735375   15.890983170
    1.098713159   19.553309591   12.510659391
    1.102247907   19.578979440    1.226574390
    1.105782654   19.570048433   -8.235486514
    1.109317402   19.532819661  -11.220381330
    1.112852150   19.509749902   -3.507711954
    1.116386897   19.509604953    3.053192234
    1.119921645   19.522558488    5.666010787
    1.123456393   19.533622590    0.669414689
    1.126991140   19.531354338   -0.481715058
    1.130525888   19.542213343    6.714998252
    1.134060636   19.582221986   16.385209433
    1.137595383   19.669855751   28.071747102
    1.141130131   19.769102514   25.274918345
    1.144664879   19.829467189    8.217340686
    1.148199626   19.832499262   -5.766852536
    1.151734374   19.799353249   -9.164900295
    1.155269121   19.794584659    5.192289427
    1.158803869   19.837863666   18.919403080
    1.162338617   19.919387534   24.641181233
    1.165873364   19.997474394   17.920170678
    1.169408112   20.046169110   11.657817934
    1.172942860   20.078828904    6.994982989
    1.176477607   20.113900535   12.971652996
    1.180012355   20.171930807   18.545452340
    1.183547103   20.230584556   15.604976890
    1.187081850   20.278719223   12.967205431
    1.190616598   20.329835571   18.227556006
    1.194151346   20.404681326   24.556361610
    1.197686093   20.487820154   21.623569150
    1.201220841   20.540600442    5.261917174
    1.204755589   20.517184233  -16.172157824
    1.208290336   20.441872237  -25.141444395
    1.211825084   20.377306750   -9.387098107
    1.215359832   20.385953792   14.671396134
    1.218894579   20.468862735   27.874683642
    1.222429327   20.548125543   15.093444303
    1.225964075   20.563572736   -7.279655815
    1.229498822   20.510240953  -19.888334863
    1.233033570   20.452308460  -11.490961258
    1.236568318   20.441140069    4.918523393
    1.240103065   20.473153025   10.728127935
    1.243637813   20.492709180   -1.977250320
    1.247172561   20.466711627  -12.225287322
    1.250707308   20.420465445  -12.723676507
    1.254242056   20.401619346    5.868660275
    1.257776804   20.447184322   21.121920783
    1.261311551   20.534725640   27.126374525
    1.264846299   20.631225412   24.588152645
    1.268381047   20.700859661   17.437844332
    1.271915794   20.755380646   12.797637194
    1.275450542   20.806505821   14.366778335
    1.278985290   20.852173383    9.317636399
    1.282520037   20.873230559   -0.162497411
    1.286054785   20.855587185  -11.872602244
    1.289589533   20.803298989  -18.893561043
    1.293124280   20.718491239  -28.303132100
    1.296659028   20.622620436  -25.336514459
    1.300193776   20.548237602  -12.835970404
    1.303728523   20.536990383    5.363151496
    1.307263271   20.589068527   21.560063473
    1.310798019   20.679763597   27.499207218
    1.314332766   20.754860963   13.402091668
    1.317867514   20.757081664  -11.402977941
    1.321402262   20.687118189  -27.201643649
    1.324937009   20.582204082  -29.411342002
    1.328471757   20.486877220  -21.402523735
    1.332006505   20.442082978   -3.844423557
    1.335541252   20.458564486   10.489794684
    1.339076000   20.511739324   17.253828535
    1.342610748   20.582707567   21.937774303
    1.346145495   20.669175442   26.456277146
    1.349680243   20.768345711   27.952791507
    1.353214991   20.866569546   24.885275733
    1.356749738   20.924815374    4.101357504
    1.360284486   20.891332265  -23.550708433
    1.363819234   20.764683149  -46.128773114
    1.367353981   20.603313052  -40.876536632
    1.370888729   20.505469745  -11.633087157
    1.374423477   20.529705268   22.804964154
    1.377958224   20.653731318   42.016197797
    1.381492972   20.800445664   36.104716357
    1.385027720   20.870034572    5.286646946
    1.388562467   20.844753048  -18.491335143
    1.392097215   20.765883005  -23.142625941
    1.395631963   20.707986502   -8.586720307
    1.399166710   20.704147304    4.966488532
    1.402701458   20.733258291    5.163132010
    1.406236206   20.720935515  -12.276081991
    1.409770953   20.653911515  -23.792054049
    1.413305701   20.568540765  -21.975788627
    1.416840449   20.515116627   -7.640513886
    1.420375196   20.509355458    2.024016349
    1.423909944   20.525777459    4.901640474
    1.427444692   20.532970675    1.266293344
    1.430979439   20.544252358    6.892899746
    1.434514187   20.580540058   11.862278212
    1.438048935   20.636879021   18.375762833
    1.441583682   20.697880824   14.400301827
    1.445118430   20.737168509    8.406856863
    1.448653178   20.761573818    5.556580803
    1.452187925   20.793750613   10.821143523
    1.455722673   20.834500064   12.178240151
    1.459257421   20.857991427   -3.497897539
    1.462792168   20.821378046  -16.603291129
    1.466326916   20.757875713  -18.195134063
    1.469861664   20.717777231   -1.717731317
    1.473396411   20.759979001   21.833990888
    1.476931159   20.860906817   31.668580126
    1.480465907   20.965467563   24.216216269
    1.484000654   21.018566125    5.340844163
    1.487535402   21.012804503   -6.950178993
    1.491070150   20.987596352   -5.353661469
    1.494604897   20.975703070   -1.411732098
    1.498139645   20.989609085    9.602973622
    1.501674393   21.025755109   11.407689674
    1.505209140   21.065556408   10.209694130
    1.508743888   21.100753267    7.405247255
    1.512278636   21.124658641    4.613792328
    1.515813383   21.148802464   11.780514342
    1.519348131   21.202651270   19.011702008
    1.522882879   21.287182374   25.913653464
    1.526417626   21.367104256   15.984005918
    1.529952374   21.386550358   -5.338623361
    1.533487121   21.333360981  -22.462669273
    1.537021869   21.245394695  -22.064161874
    1.540556617   21.201291706    0.679948071
    1.544091364   21.260144802   28.759305279
    1.547626112   21.379212000   33.432384371
    1.551160860   21.473240888   18.569405764
    1.554695607   21.504388570   -0.525452788
    1.558230355   21.496950227    0.070697562
    1.561765103   21.515312380   11.564198670
    1.565299850   21.580374776   25.555442367
    1.568834598   21.683581383   29.259842315
    1.572369346   21.764779704   15.261814142
    1.575904093   21.786597244   -3.241864108
    1.579438841   21.743810814  -17.460854702
    1.582973589   21.687144481  -10.542745901
    1.586508336   21.691762377   14.959088334
    1.590043084   21.791458738   39.830965807
    1.593577832   21.961686887   51.998741645
    1.597112579   22.129290166   40.915136816
    1.600647327   22.240376931   19.980989702
    1.604182075   22.279637117    4.223584132
    1.607716822   22.282080048    1.458235175
    1.611251570   22.315374520   17.063313439
    1.614786318   22.407726764   33.985888880
    1.618321065   22.534592327   37.240933177
    1.621855813   22.659529555   35.017207124
    1.625390561   22.773381216   28.644300713
    1.628925308   22.872250372   27.057762052
    1.632460056   22.944449165   14.006612925
    1.635994804   22.972296157    0.640527978
    1.639529551   22.954234305   -8.543651514
    1.643064299   22.926365035   -5.800227981
    1.646599047   22.929672627    7.180004625
    1.650133794   22.976106974   17.830750340
    1.653668542   23.034708580   12.268054761
    1.657203290   23.045302151   -6.337763315
    1.660738037   23.008035873  -11.882140281
    1.664272785   22.989665775    4.351783541
    1.667807533   23.055662646   33.144660368
    1.671342280   23.207916237   47.856902382
    1.674877028   23.368037991   37.669551981
    1.678411776   23.451775353   10.890789030
    1.681946523   23.453785860   -9.361691611
    1.685481271   23.418362535   -5.690202299
    1.689016019   23.424399212   11.047030048
    1.692550766   23.489919830   24.498268732
    1.696085514   23.559074655   11.906469784
    1.699620262   23.576170673   -2.486268456
    1.703155009   23.542982058  -13.401068694
    1.706689757   23.496941189   -9.475825589
    1.710224505   23.477659871   -0.201745359
    1.713759252   23.493512571    8.696400209
    1.717294000   23.529083979    8.122658582
    1.720828748   23.543482383    0.824971306
    1.724363495   23.531935960   -9.745295548
    1.727898243   23.492490768  -12.522662300
    1.731432991   23.450235926   -8.845887978
    1.734967738   23.439370429    3.653305432
    1.738502486   23.478312771   17.393959968
    1.742037234   23.568785070   30.136081308
    1.745571981   23.675082455   27.725915056
    1.749106729   23.740523086    7.966896089
    1.752641477   23.719490622  -17.807205583
    1.756176224   23.635865741  -25.021393076
    1.759710972   23.565883541  -10.851910900
    1.763245720   23.560811580    9.542573403
    1.766780467   23.627519550   26.699345151
    1.770315215   23.725566486   26.353710015
    1.773849963   23.803009703   15.648357610
    1.777384710   23.845236954   10.460732963
    1.780919458   23.885619162   15.650538455
    1.784454206   23.965392016   27.937064442
    1.787988953   24.068069111   28.876044515
    1.791523701   24.150114558   18.758788473
    1.795058449   24.189395002    4.436284762
    1.798593196   24.191258408   -3.016118660
    1.802127944   24.172480615   -5.149912244
    1.805662692   24.161058221   -1.447201172
    1.809197439   24.167061743    4.658293316
    1.812732187   24.204287937   16.311822917
    1.816266935   24.294559157   33.477924095
    1.819801682   24.436694350   44.807813696
    1.823336430   24.594240129   45.087723367
    1.826871178   24.739963555   36.014540881
    1.830405925   24.836373171   19.738715851
    1.833940673   24.871177808    4.707355976
    1.837475421   24.885700648    2.605730198
    1.841010168   24.889760498    2.011889802
    1.844544916   24.889220524   -3.977163539
    1.848079664   24.867871670   -7.408820765
    1.851614411   24.845328095   -3.916449794
    1.855149159   24.848507367    6.334689848
    1.858683907   24.903395851   26.749936718
    1.862218654   25.016361874   38.169868713
    1.865753402   25.153976639   37.328159173
    1.869288150   25.273705061   29.792382677
    1.872822897   25.366176052   22.873089139
    1.876357645   25.443123932   20.530725685
    1.879892393   25.511419289   17.079320333
    1.883427140   25.561481386   10.020427816
    1.886961888   25.588960684    3.279798217
    1.890496636   25.588345500   -0.630934142
    1.894031383   25.592351026    7.419041032
    1.897566131   25.637583610   18.116470630
    1.901100879   25.706803305   19.160628174
    1.904635626   25.765275170   13.706039969
    1.908170374   25.794876924    2.175205722
    1.911705121   25.794913541    0.953436338
    1.915239869   25.797282355    1.711317149
    1.918774617   25.811328955    5.458443478
    1.922309364   25.819040413   -3.698947974
    1.925844112   25.780261224  -18.660621457
    1.929378860   25.706819831  -22.984317371
    1.932913607   25.637973373  -13.870098528
    1.936448355   25.611316484   -2.346446066
    1.939983103   25.634404740   11.843163354
    1.943517850   25.671809103    8.390199521
    1.947052598   25.695913931    4.521132284
    1.950587346   25.702762948   -0.028474355
    1.954122093   25.707068620    2.423598466
    1.957656841   25.714034310    0.842407079
    1.961191589   25.705521831   -3.643499685
    1.964726336   25.681965286   -8.555158417
    1.968261084   25.631428153  -17.520433658
    1.971795832   25.566453023  -18.333453289
    1.975330579   25.515615888  -10.931138307
    1.978865327   25.493722331   -2.131835982
    1.982400075   25.513712246   12.761530315
    1.985934822   25.572847424   19.948449694
    1.989469570   25.648737413   22.337306050
    1.993004318   25.714909260   13.916101604
    1.996539065   25.754476688    9.517508852
    2.000073813   25.791115055   12.107703939
    2.003608561   25.852190245   22.611421463
    2.007143308   25.935051035   25.037956991
    2.010678056   26.021930987   18.973328944
    2.014212804   26.057871164    3.850838062
    2.017747551   26.058156862   -2.259178764
    2.021282299   26.072842572   12.418519730
    2.024817047   26.148640657   31.242326993
    2.028351794   26.269127345   37.088404526
    2.031886542   26.396369163   32.550284743
    2.035421290   26.487691030   19.218953684
    2.038956037   26.546204561   16.886370989
    2.042490785   26.625837360   27.385799089
    2.046025533   26.734726701   32.019746548
    2.049560280   26.837016716   21.928833291
    2.053095028   26.885864127    3.607816528
    2.056629776   26.881104365   -3.873297193
    2.060164523   26.890947677   12.774118253
    2.063699271   26.981051560   37.870900925
    2.067234019   27.151528355   56.135631476
    2.070768766   27.344164243   50.370801632
    2.074303514   27.475820565   26.585033167
    2.077838262   27.526602018    6.795230583
    2.081373009   27.541634015    3.776824036
    2.084907757   27.574993138   13.953210372
    2.088442505   27.639974993   20.078611597
    2.091977252   27.711595196   17.317880696
    2.095512000   27.751166748    7.661818785
    2.099046748   27.773652423    8.931507046
    2.102581495   27.838092534   27.779530511
    2.106116243   27.976140934   48.783494994
    2.109650991   28.176813453   57.632689174
    2.113185738   28.364391486   43.319685962
    2.116720486   28.481603116   24.550141307
    2.120255234   28.551102588   16.403905592
    2.123789981   28.607890807   15.283562495
    2.127324729   28.654026794    6.395231434
    2.130859477   28.654519078   -8.470671420
    2.134394224   28.601893794  -18.707773577
    2.137928972   28.551540062   -4.505666394
    2.141463720   28.578474534   21.291318095
    2.144998467   28.686450279   38.805110792
    2.148533215   28.815030037   28.816913208
    2.152067963   28.881415099    8.293050753
    2.155602710   28.888911128   -2.361979900
    2.159137458   28.894841170    9.563250877
    2.162672206   28.960375237   25.945214466
    2.166206953   29.070214668   33.270828341
    2.169741701   29.155145785   11.901183765
    2.173276449   29.157782493   -9.987634975
    2.176811196   29.108354996  -13.592880731
    2.180345944   29.091163090    3.904360553
    2.183880692   29.147408634   25.048921918
    2.187415439   29.256044178   34.027116530
    2.190950187   29.364719971   24.660894669
    2.194484935   29.424794607    8.668416804
    2.198019682   29.440317099    1.917451873
    2.201554430   29.448263434    4.025325369
    2.205089178   29.477157594   15.466122471
    2.208623925   29.554040581   28.516630517
    2.212158673   29.680088676   39.815866179
    2.215693421   29.819538297   37.009054225
    2.219228168   29.925700860   20.992478160
    2.222762916   29.980712968    9.053157202
    2.226297664   30.004105162    6.649701391
    2.229832411   30.037992734   16.168678821
    2.233367159   30.117619272   28.603080637
    2.236901907   30.238430821   37.170340955
    2.240436654   30.344097084   22.839339828
    2.243971402   30.399917551    7.401778231
    2.247506150   30.415988998    6.010983162
    2.251040897   30.454645341   16.468270040
    2.254575645   30.546156597   33.611023394
    2.258110393   30.682849517   41.185384252
    2.261645140   30.830114550   40.461781354
    2.265179888   30.961306136   32.836745533
    2.268714636   31.067560324   28.848584275
    2.272249383   31.166312069   30.139494837
    2.275784131   31.274746483   32.955533287
    2.279318879   31.399842432   38.236774577
    2.282853626   31.529335287   30.973609387
    2.286388374   31.625575952   22.669738959
    2.289923121   31.689249545   15.132034468
    2.293457869   31.741908267   14.057932381
    2.296992617   31.793595658   17.816432021
    2.300527364   31.865403648   23.452301490
    2.304062112   31.943369542   20.430919396
    2.307596860   31.994201009    9.838871958
    2.311131607   32.026195843   10.875807743
    2.314666355   32.088881017   25.685235761
    2.318201103   32.221380807   48.066792680
    2.321735850   32.413336009   59.527057437
    2.325270598   32.618145819   55.027827199
    2.328805346   32.793765083   43.651021907
    2.332340093   32.938991475   38.260515300
    2.335874841   33.079273298   40.256505487
    2.339409589   33.228940767   44.962999286
    2.342944336   33.389063037   44.794858408
    2.346479084   33.520777517   29.661009701
    2.350013832   33.600275059   15.611578036
    2.353548579   33.629103757    3.923637559
    2.357083327   33.647749082    9.103171767
    2.360618075   33.707371145   26.200119856
    2.364152822   33.839914389   48.476949979
    2.367687570   34.045167294   70.411522582
    2.371222318   34.309871651   77.496608691
    2.374757065   34.573857251   69.346209324
    2.378291813   34.781563744   49.221616601
    2.381826561   34.930767686   35.620033207
    2.385361308   35.044011304   32.690690065
    2.388896056   35.163607057   38.702392825
    2.392430804   35.315059674   46.158588810
    2.395965551   35.469444987   40.674136460
    2.399500299   35.590909395   25.578770705
    2.403035047   35.652797381   10.802172589
    2.406569794   35.672275450   -0.641672585
    2.410104542   35.656944325   -6.596014471
    2.413639290   35.635789759   -3.363809751
    2.417174037   35.636196701    4.418082131
    2.420708785   35.671736952   16.604188557
    2.424243533   35.748750481   26.943259395
    2.427778280   35.837132476   22.586895635
    2.431313028   35.895271324    6.546608246
    2.434847776   35.885883429  -12.754011486
    2.438382523   35.822489430  -21.098744959
    2.441917271   35.745915647  -18.093644752
    2.445452019   35.712007559   -2.743964808
    2.448986766   35.728184915    8.983261768
    2.452521514   35.773573976   17.057162098
    2.456056262   35.827175587   14.554531170
    2.459591009   35.873049261   13.668913193
    2.463125757   35.911318648    6.265148887
    2.466660505   35.919665674   -3.576436035
    2.470195252   35.883861669  -14.314283361
    2.473730000   35.833995498  -11.298787493
    2.477264748   35.818747340    5.833552121
    2.480799495   35.883825450   30.247852211
    2.484334243   36.026041041   46.932364812
    2.487868991   36.182370380   35.903964897
    2.491403738   36.266479810   11.350955753
    2.494938486   36.267288990   -5.195634347
    2.498473234   36.255106869    2.670198156
    2.502007981   36.303009459   23.280722044
    2.505542729   36.417490499   37.264650628
    2.509077477   36.529009116   21.292985574
    2.512612224   36.538711973  -14.368243504
    2.516146972   36.428268596  -46.876492677
    2.519681720   36.251431292  -49.576733219
    2.523216467   36.121268221  -19.947990722
    2.526751215   36.097165643    8.327328742
    2.530285963   36.153512516   21.641701475
    2.533820710   36.223311535   14.757858328
    2.537355458   36.248262085   -2.411286043
    2.540890206   36.200122412  -22.281918877
    2.544424953   36.102001972  -32.185894568
    2.547959701   36.002104010  -22.167063673
    2.551494449   35.957739233   -1.311043292
    2.555029196   36.003253659   26.075712472
    2.558563944   36.118822996   36.450700522
    2.562098692   36.236133396   25.737293990
    2.565633439   36.279621896    1.220133940
    2.569168187   36.243724976  -19.144438798
    2.572702935   36.159097739  -26.322417068
    2.576237682   36.079296754  -16.556363631
    2.579772430   36.041862777   -5.297025721
    2.583307178   36.026762865   -2.536313793
    2.586841925   36.018226235   -1.373330022
    2.590376673   36.041405710   15.040509587
    2.593911421   36.133053005   35.171715407
    2.597446168   36.276912314   44.136829405
    2.600980916   36.409218831   27.443687011
    2.604515664   36.459846117    0.583939788
    2.608050411   36.421203995  -18.782631853
    2.611585159   36.343062228  -17.531789666
    2.615119907   36.322562205    4.523190054
    2.618654654   36.369474306   17.476332927
    2.622189402   36.422338637   10.566196134
    2.625724150   36.429270397   -6.333447674
    2.629258897   36.385066392  -13.790236246
    2.632793645   36.348735896   -5.003596449
    2.636328393   36.364220352   14.027260832
    2.639863140   36.427269489   19.431020577
    2.643397888   36.484302204    9.380231482
    2.646932636   36.505391246    4.572284415
    2.650467383   36.529074066   10.727729093
    2.654002131   36.589757792   25.073543125
    2.657536879   36.689965892   28.974051986
    2.661071626   36.760493206    6.972426901
    2.664606374   36.718882649  -32.531012819
    2.668141121   36.573635883  -45.624794227
    2.671675869   36.437683920  -23.744097211
    2.675210617   36.445785780   27.580354318
    2.678745364   36.620936284   65.785057597
    2.682280112   36.858033536   61.500447877
    2.685814860   36.994577693   11.314085240
    2.689349607   36.939973147  -42.024991125
    2.692884355   36.738211664  -64.419454180
    2.696419103   36.527665820  -48.629085562
    2.699953850   36.410351955  -15.305511807
    2.703488598   36.405269817   11.456517158
    2.707023346   36.468273329   22.346618594
    2.710558093   36.544603024   20.847702188
    2.714092841   36.604636441   12.661432425
    2.717627589   36.634190592    4.253144593
    2.721162336   36.639202623   -1.458058864
    2.724697084   36.627149918   -5.135691964
    2.728231832   36.609916567   -4.324399008
    2.731766579   36.606880204    2.929555235
    2.735301327   36.623555172    4.199489003
    2.738836075   36.642130173    2.312703394
    2.742370822   36.628945229   -8.752386930
    2.745905570   36.578324933  -17.146069831
    2.749440318   36.532124778   -7.067889454
    2.752975065   36.539575717   11.427786588
    2.756509813   36.590275979   17.662366854
    2.760044561   36.654962931   13.430135655
    2.763579308   36.679595147    1.452233775
    2.767114056   36.655567004  -11.633681815
    2.770648804   36.604942275  -15.732284939
    2.774183551   36.562952772   -6.314592232
    2.777718299   36.565295974   10.334370102
    2.781253047   36.623591156   22.318576999
    2.784787794   36.697902106   16.919671671
    2.788322542   36.711418551   -8.085170357
    2.791857290   36.633060011  -34.068178646
    2.795392037   36.488185854  -44.578522413
    2.798926785   36.368294744  -18.990950429
    2.802461533   36.374608992   21.770961215
    2.805996280   36.508156711   48.007339727
    2.809531028   36.674434435   38.437997732
    2.813065776   36.754323524    4.954554872
    2.816600523   36.718600950  -18.651531219
    2.820135271   36.638474610  -18.771100683
    2.823670019   36.595250112   -4.910255222
    2.827204766   36.585350716   -0.236168687
    2.830739514   36.565613841  -13.193830910
    2.834274262   36.491033197  -28.099623962
    2.837809009   36.392327440  -22.170677317
    2.841343757   36.345879966   -2.342223883
    2.844878505   36.373482545   15.037096518
    2.848413252   36.437668050   18.881035449
    2.851948000   36.486993452   10.083506295
    2.855482748   36.497154804   -2.615593429
    2.859017495   36.487890553    0.200391710
    2.862552243   36.495305515    2.502688571
    2.866086991   36.496865724   -1.569749999
    2.869621738   36.485670588   -6.870148823
    2.873156486   36.456989061   -8.736005111
    2.876691234   36.427081224   -6.478601236
    2.880225981   36.416040663    1.713196843
    2.883760729   36.434568879    6.794795605
    2.887295477   36.464985359    7.832209329
    2.890830224   36.471452632   -1.320210800
    2.894364972   36.448209384  -11.200151602
    2.897899720   36.387092850  -22.412936769
    2.901434467   36.291588502  -30.150056967
    2.904969215   36.175064373  -34.836127312
    2.908503963   36.063205188  -27.546274280
    2.912038710   35.990248043  -10.581548664
    2.915573458   35.985401954    8.109216038
    2.919108206   36.049170374   27.532783744
    2.922642953   36.163902623   35.484732372
    2.926177701   36.269862068   22.536879473
    2.929712449   36.322990139    6.890597522
    2.933247196   36.317767329   -9.556482996
    2.936781944   36.272894037  -13.924906276
    2.940316692   36.216965555  -18.931338096
    2.943851439   36.144736210  -23.684747058
    2.947386187   36.049380579  -27.194616170
    2.950920935   35.969698728  -14.564913658
    2.954455682   35.947923310    2.975724784
    2.957990430   35.988660171   14.923705717
    2.961525178   36.026861124    1.675596898
    2.965059925   35.990025005  -25.637240181
    2.968594673   35.844052943  -50.938611222
    2.972129421   35.668046831  -44.601175529
    2.975664168   35.553379309  -17.194709305
    2.979198916   35.540242510    7.654560485
    2.982733664   35.583087821   11.558517274
    2.986268411   35.604451753   -1.568948959
    2.989803159   35.588150462   -5.784083939
    2.993337907   35.583635321    5.129147248
    2.996872654   35.618758883   11.370847015
    3.000407402   35.660537534   10.747514399
    3.003942150   35.666563316   -9.320306358
    3.007476897   35.601073296  -26.986093570
    3.011011645   35.507087486  -21.563733247
    3.014546393   35.469362793   -0.383330577
    3.018081140   35.502497800   18.247522429
    3.021615888   35.572526229   18.002723603
    3.025150636   35.605189977   -0.961985761
    3.028685383   35.565843839  -19.724483616
    3.032220131   35.485991306  -24.742004541
    3.035754879   35.417144638  -14.718937608
    3.039289626   35.391055018    0.795231302
    3.042824374   35.406907913    6.343570115
    3.046359121   35.437132647   10.555981039
    3.049893869   35.485986992   14.918124926
    3.053428617   35.529891041    7.584567328
    3.056963364   35.535395591   -6.359231095
    3.060498112   35.490939545  -17.139694267
    3.064032860   35.436066950  -10.381670993
    3.067567607   35.422520794    2.691273041
    3.071102355   35.460769124   17.314696088
    3.074637103   35.510965436    8.871253391
    3.078171850   35.509134057  -11.698884055
    3.081706598   35.437064207  -28.802902988
    3.085241346   35.323533365  -31.831899440
    3.088776093   35.244725787  -11.044976942
    3.092310841   35.246769332   10.621938829
    3.095845589   35.305466116   18.498310712
    3.099380336   35.361994123   10.500540694
    3.102915084   35.376056921   -3.689123328
    3.106449832   35.338246100  -15.664681524
    3.109984579   35.278140789  -19.675343241
    3.113519327   35.209812898  -17.742164407
    3.117054075   35.152748387  -14.718177660
    3.120588822   35.116800839   -6.858508214
    3.124123570   35.097556891   -7.155276223
    3.127658318   35.073486832   -5.970509021
    3.131193065   35.046963717   -7.037230884
    3.134727813   35.028371642   -1.737457166
    3.138262561   35.036232645    5.898905629
    3.141797308   35.077060743   15.520248492
    3.145332056   35.139855674   16.801064933
    3.148866804   35.185215162    7.856873108
    3.152401551   35.181692593  -11.139925517
    3.155936299   35.111961885  -25.621751934
    3.159471047   35.016663827  -27.548066577
    3.163005794   34.937506857  -15.153967541
    3.166540542   34.916803433    1.248699250
    3.170075290   34.947783089   13.650177813
    3.173610037   35.002280914   13.420919879
    3.177144785   35.036057963    6.191769185
    3.180679533   35.047191309   -1.141868092
    3.184214280   35.044503177    0.763064136
    3.187749028   35.051801334    4.597509881
    3.191283776   35.081372645   10.916377956
    3.194818523   35.110775799    2.970955678
    3.198353271   35.098729564   -9.893279548
    3.201888019   35.032036599  -27.206888812
    3.205422766   34.932102210  -26.593686807
    3.208957514   34.869381108   -7.185649799
    3.212492262   34.883396020   12.586972450
    3.216027009   34.943587935   16.847948143
    3.219561757   34.995111618   11.691534611
    3.223096505   35.025877849    6.286142760
    3.226631252   35.056565588   13.918970713
    3.230166000   35.130606016   27.280671784
    3.233700748   35.236710421   29.211477512
    3.237235495   35.308266648    8.218765439
    3.240770243   35.288856786  -19.179565589
    3.244304991   35.187303746  -37.367833665
    3.247839738   35.064610856  -28.012779670
    3.251374486   35.002905149   -6.292093199
    3.254909234   35.011874774    9.303110662
    3.258443981   35.054025843   12.970409149
    3.261978729   35.091142942    7.356915757
    3.265513477   35.102027691   -1.467242223
    3.269048224   35.084713484   -6.796569937
    3.272582972   35.049707815  -15.719814156
    3.276117720   34.989222647  -18.930150977
    3.279652467   34.908866025  -25.276190852
    3.283187215   34.815165892  -27.457175968
    3.286721963   34.715685963  -27.042626423
    3.290256710   34.622366000  -25.146511573
    3.293791458   34.545300727  -18.411026539
    3.297326206   34.494331151  -10.369614662
    3.300860953   34.470951790   -3.131016823
    3.304395701   34.463888331   -3.566235040
    3.307930449   34.445156777   -6.606500305
    3.311465196   34.415053945   -8.053790827
    3.314999944   34.394151513   -4.370831342
    3.318534692   34.400060684    7.854809971
    3.322069439   34.437646955   12.929564980
    3.325604187   34.482166011   10.603368403
    3.329138935   34.491103086   -4.502462695
    3.332673682   34.448102590  -20.613875715
    3.336208430   34.351167299  -33.054833620
    3.339743178   34.245826831  -23.631550354
    3.343277925   34.188449249   -9.708776362
    3.346812673   34.187096348    7.055320288
    3.350347421   34.226352590   16.166143446
    3.353882168   34.280189000   13.356714615
    3.357416916   34.311939999    5.653713843
    3.360951664   34.316751139   -1.230804251
    3.364486411   34.308349954   -3.861870389
    3.368021159   34.287929800  -10.700310714
    3.371555907   34.237217185  -18.787823748
    3.375090654   34.165641608  -21.897487922
    3.378625402   34.103083059  -11.360359151
    3.382160150   34.091134226    7.165098899
    3.385694897   34.133443424   18.141205299
    3.389229645   34.202234537   18.209766954
    3.392764393   34.244017728    3.872066541
    3.396299140   34.237109462   -5.671294678
    3.399833888   34.210572891   -3.562854169
    3.403368636   34.229591459   13.166104314
    3.406903383   34.305277461   25.167101221
    3.410438131   34.388829993   20.334347001
    3.413972879   34.412223078   -7.679037684
    3.417507626   34.357132938  -18.859225759
    3.421042374   34.301222052   -8.280128981
    3.424577121   34.312675810   15.801671234
    3.428111869   34.386909478   22.412965704
    3.431646617   34.454363838   12.467056356
    3.435181364   34.461381908   -8.595277501
    3.438716112   34.411791531  -18.573882900
    3.442250860   34.360380804  -10.295775288
    3.445785607   34.340050166   -2.292017836
    3.449320355   34.326904565   -8.369310694
    3.452855103   34.277487715  -18.823939226
    3.456389850   34.192376709  -21.742939148
    3.459924598   34.137723770   -8.757823741
    3.463459346   34.135203441    4.345588653
    3.466994093   34.165475686   11.420777571
    3.470528841   34.186342493    0.506947579
    3.474063589   34.167384501  -11.692385592
    3.477598336   34.117200452  -14.543599830
    3.481133084   34.083243296   -3.323553617
    3.484667832   34.092549383   10.267183369
    3.488202579   34.148794515   20.587808265
    3.491737327   34.218462222   18.698560169
    3.495272075   34.278995036   10.999675501
    3.498806822   34.288518416   -6.471984839
    3.502341570   34.251268679  -14.046358605
    3.505876318   34.194291056  -14.323373161
    3.509411065   34.168267723    0.378086099
    3.512945813   34.192126852   12.102061758
    3.516480561   34.230822918   10.735487953
    3.520015308   34.260645674    3.659389103
    3.523550056   34.269702638    0.897506171
    3.527084804   34.281020064    8.413857037
    3.530619551   34.328046731   18.012285943
    3.534154299   34.392371631   16.071288632
    3.537689047   34.441609313   10.268839725
    3.541223794   34.456887663   -1.440453960
    3.544758542   34.436515543   -7.435863779
    3.548293290   34.406774131   -6.445163550
    3.551828037   34.388896501   -3.386443954
    3.555362785   34.385212946    0.353429883
    3.558897533   34.385314747   -0.679989882
    3.562432280   34.385258679    0.947172628
    3.565967028   34.383237697   -5.352848950
    3.569501776   34.347741445  -14.414234355
    3.573036523   34.306598304  -10.437948428
    3.576571271   34.280534230   -0.648617950
    3.580106019   34.309924933   15.164307364
    3.583640766   34.371646204   19.220739895
    3.587175514   34.421938519    6.926181431
    3.590710262   34.422348775   -7.814454710
    3.594245009   34.386891875  -11.877612443
    3.597779757   34.364194195    0.366218663
    3.601314505   34.395014689   16.109587748
    3.604849252   34.447778505   15.279763122
    3.608384000   34.486998587    5.971925037
    3.611918748   34.487265019   -6.548245467
    3.615453495   34.456476460   -8.234520361
    3.618988243   34.438852251    0.794930267
    3.622522991   34.465306266   13.364165162
    3.626057738   34.527269841   19.818179835
    3.629592486   34.587308919   10.451741339
    3.633127234   34.600936587   -2.252808632
    3.636661981   34.564111600  -20.094293533
    3.640196729   34.471220463  -30.648909406
    3.643731477   34.352793767  -35.679743534
    3.647266224   34.233443070  -27.217397813
    3.650800972   34.165386990  -10.403756144
    3.654335720   34.157614112    6.239830729
    3.657870467   34.188973056    8.750368063
    3.661405215   34.214405471    3.850500086
    3.664939963   34.225075608    2.018690252
    3.668474710   34.231314945    2.793577255
    3.672009458   34.257013246   10.770584383
    3.675544206   34.302882249   15.432089690
    3.679078953   34.343877906    5.719985534
    3.682613701   34.324660178  -19.699002633
    3.686148449   34.215083491  -39.846036073
    3.689683196   34.082714403  -28.741327983
    3.693217944   34.039528428    4.380573225
    3.696752692   34.117300533   34.069310400
    3.700287439   34.246953946   31.873331058
    3.703822187   34.314486084    3.925401063
    3.707356935   34.260692435  -33.588906542
    3.710891682   34.115560233  -42.203666990
    3.714426430   33.992863501  -19.866578594
    3.717961178   33.979738381   13.432509484
    3.721495925   34.055461043   24.632187955
    3.725030673   34.115481254    3.866891202
    3.728565421   34.076243707  -25.290496363
    3.732100168   33.961546628  -36.706910880
    3.735634916   33.864362299  -15.974844002
    3.739169664   33.859533354   11.720405730
    3.742704411   33.946469391   33.120401007
    3.746239159   34.067688860   30.797125281
    3.749773907   34.159553767   20.856785108
    3.753308654   34.206334034    6.725130706
    3.756843402   34.225912135    5.667059138
    3.760378150   34.252950703   10.493114726
    3.763912897   34.294643781    8.718467229
    3.767447645   34.306235848   -2.024099678
    3.770982393   34.285922618   -9.872051275
    3.774517140   34.244856777  -11.417385034
    3.778051888   34.212938627   -5.915387804
    3.781586636   34.203594081    0.963346041
    3.785121383   34.214486641    7.900818897
    3.788656131   34.250306959   16.710360982
    3.792190879   34.318942817   23.388731473
    3.795725626   34.406230428   23.121865215
    3.799260374   34.471985353   12.065813491
    3.802795121   34.490461931   -2.644329785
    3.806329869   34.471672954   -7.844027713
    3.809864617   34.470251811    8.631211439
    3.813399364   34.541787730   30.982243957
    3.816934112   34.662378377   35.474731882
    3.820468860   34.765123302   18.308438589
    3.824003607   34.760942618  -17.311602379
    3.827538355   34.671407069  -31.074565081
    3.831073103   34.568646319  -21.427640320
    3.834607850   34.526478293   -1.969219820
    3.838142598   34.534388317    6.587885200
    3.841677346   34.555748372    4.072434382
    3.845212093   34.556664248   -2.296374864
    3.848746841   34.554939614    2.784846870
    3.852281589   34.591864302   18.160607323
    3.855816336   34.684848961   33.012773024
    3.859351084   34.803163131   30.542891841
    3.862885832   34.882251818   15.258150534
    3.866420579   34.909965770   -1.507660087
    3.869955327   34.890836687   -8.661605298
    3.873490075   34.861353506   -6.313034160
    3.877024822   34.845624598   -3.942986795
    3.880559570   34.849606902    5.107449886
    3.884094318   34.893929447   18.917212528
    3.887629065   34.987432955   34.504680693
    3.891163813   35.120831291   39.745955367
    3.894698561   35.247797041   33.441249260
    3.898233308   35.350239026   23.405881362
    3.901768056   35.403185552    8.176843374
    3.905302804   35.409880765   -0.260296790
    3.908837551   35.398270439   -1.708095876
    3.912372299   35.400560531    6.934000377
    3.915907047   35.439400303   14.399320307
    3.919441794   35.512846814   24.419978885
    3.922976542   35.609261859   29.217729751
    3.926511290   35.716715896   30.138739842
    3.930046037   35.825934603   29.969282083
    3.933580785   35.930237278   26.356977719
    3.937115533   36.010197901   17.400802699
    3.940650280   36.065237351   13.410529200
    3.944185028   36.107805639   10.865299943
    3.947719776   36.151408120   14.192441864
    3.951254523   36.213036222   21.661261367
    3.954789271   36.309131192   30.527154914
    3.958324019   36.418857474   31.196209582
    3.961858766   36.518746360   24.696974545
    3.965393514   36.591005277   17.873858271
    3.968928262   36.652839312   19.358659953
    3.972463009   36.726937906   23.192381048
    3.975997757   36.826643072   32.940661911
    3.979532505   36.961190434   43.845497646
    3.983067252   37.138616978   56.907308094
    3.986602000   37.350528519   62.221671437
    3.990136748   37.581160382   64.696548144
    3.993671495   37.790665139   52.733318929
    3.997206243   37.945963499   36.137068079
    4.000740991   38.053194101   22.325384259
    4.004275738   38.122943043   17.781881826
    4.007810486   38.205519786   30.136239399
    4.011345234   38.346958622   47.491190968
    4.014879981   38.540896210   60.543761882
    4.018414729   38.774828665   70.307933025
    4.021949477   39.025229617   71.688303196
    4.025484224   39.265386187   61.069684043
    4.029018972   39.462404745   49.583466101
    4.032553720   39.611847420   36.397461473
    4.036088467   39.741323180   38.465317353
    4.039623215   39.890886904   47.443839933
    4.043157963   40.074826007   55.087869745
    4.046692710   40.281264378   59.684117605
    4.050227458   40.493344597   58.659323701
    4.053762206   40.698596546   55.457766905
    4.057296953   40.893545552   56.996353044
    4.060831701   41.119774831   70.968146044
    4.064366449   41.395437193   83.908850160
    4.067901196   41.705194145   91.380397712
    4.071435944   42.027239766   88.296119441
    4.074970692   42.355124884   96.871403332
    4.078505439   42.713814203  106.386489629
    4.082040187   43.115510723  117.538909668
    4.085574935   43.545486657  123.291813083
    4.089109682   43.967904583  113.674906054
    4.092644430   44.344758391   98.961405988
    4.096179178   44.675298699   88.896712012
    4.099713925   44.991344806   87.655772160
    4.103248673   45.292195674   82.836966077
    4.106783421   45.568364847   72.423704505
    4.110318168   45.801313861   60.183007110
    4.113852916   46.014343835   63.217219593
    4.117387664   46.260365158   79.519168257
    4.120922411   46.593188310  107.446348203
    4.124457159   47.019296009  129.449333449
    4.127991907   47.487356313  132.896615882
    4.131526654   47.941734168  122.023327651
    4.135061402   48.352650914  111.599489914
    4.138596150   48.737311738  109.339592527
    4.142130897   49.131414470  113.555444669
    4.145665645   49.535478198  113.598021468
    4.149200393   49.912127926   98.494888750
    4.152735140   50.228559747   79.250362776
    4.156269888   50.480526796   63.246169598
    4.159804636   50.697248965   63.272378344
    4.163339383   50.943899275   79.198046547
    4.166874131   51.257455204   97.139551224
    4.170408879   51.620857595  103.200183315
    4.173943626   51.976196621   97.571941693
    4.177478374   52.313130245   94.349801716
    4.181013121   52.642683097   96.492707457
    4.184547869   53.006429274  109.474802006
    4.188082617   53.397948833  113.159751574
    4.191617364   53.791368205  104.968740368
    4.195152112   54.136078441   87.589907270
    4.198686860   54.418735560   70.178211651
    4.202221607   54.657308138   66.370182447
    4.205756355   54.907740385   77.985628948
    4.209291103   55.214225094   95.353196892
    4.212825850   55.569631692  104.545725657
    4.216360598   55.934308858   99.751012533
    4.219895346   56.253668013   78.275069323
    4.223430093   56.491366907   59.692075697
    4.226964841   56.691796851   55.825590678
    4.230499589   56.910702732   71.212726046
    4.234034336   57.190884761   86.951752268
    4.237569084   57.503604099   87.918328467
    4.241103832   57.803379451   78.744599686
    4.244638579   58.068730486   72.266974414
    4.248173327   58.324812292   74.727174800
    4.251708075   58.610535472   87.301792196
    4.255242822   58.949218024  105.189415872
    4.258777570   59.346338344  117.720609736
    4.262312318   59.767720793  118.842151918
    4.265847065   60.183007626  115.416319313
    4.269381813   60.581402512  105.790350645
    4.272916561   60.946903601  102.234450383
    4.276451308   61.331898991  117.434863757
    4.279986056   61.805594429  147.315589515
    4.283520804   62.366224684  168.481020558
    4.287055551   62.950978330  153.678698163
    4.290590299   63.416209736  104.483440418
    4.294125047   63.711306926   70.799786272
    4.297659794   64.017878980  124.483589892
    4.301194542   64.801589296  355.729802798
    4.304729290   66.801232402  817.167009994
    4.308264037   70.857883732 1515.902926887
    4.311798785   77.751332723 2410.615703663
    4.315333533   88.025839110 3408.817585503
    4.318868280  101.789912958 4354.542196948
    4.322403028  118.496328914 5033.944723944
    4.325937776  136.838561972 5255.391372137
    4.329472523  154.989750142 4922.383385656
    4.333007271  171.086219464 4122.366241746
    4.336542019  183.843675387 3077.176178855
    4.340076766  192.852946391 2038.673164798
    4.343611514  198.502098097 1198.535860929
    4.347146262  201.649481279  624.400773046
    4.350681009  203.203444063  286.125896914
    4.354215757  203.872778727  113.847215785
    4.357750505  204.114947168   33.691896682
    4.361285252  204.177526181    6.938269988
    4.364820000  204.187475432   -0.000000000
