#! FIELDS D0 file.free der_D0
#! SET min_D0 0.197069
#! SET max_D0 5.54752
#! SET nbins_D0  1515
#! SET periodic_D0 false
    0.197069000  243.709445324   -0.198107848
    0.200602983  243.696046037  -10.354804182
    0.204136967  243.600398793  -51.340429905
    0.207670950  243.250466963 -163.262166659
    0.211204934  242.294177613 -406.852683142
    0.214738917  240.096226368 -883.009239320
    0.218272901  235.676559596 -1675.918358194
    0.221806884  227.842658274 -2812.407155176
    0.225340868  215.520517157 -4182.060587977
    0.228874851  198.317361277 -5519.394547547
    0.232408835  176.966084461 -6469.841168742
    0.235942818  153.380196813 -6752.101875099
    0.239476802  130.111253424 -6304.509254500
    0.243010785  109.442195058 -5331.922430397
    0.246544769   92.621098995 -4194.598163094
    0.250078752   79.593360477 -3227.316930278
    0.253612736   69.413756467 -2590.822377498
    0.257146719   60.926990338 -2250.695996297
    0.260680703   53.340607395 -2052.040542512
    0.264214686   46.416551276 -1856.660602514
    0.267748670   40.298710060 -1596.421466316
    0.271282653   35.167324664 -1307.083987346
    0.274816637   31.027682328 -1045.949936660
    0.278350620   27.679601993 -860.892136428
    0.281884604   24.861853574 -742.151040215
    0.285418587   22.384702268 -661.159061673
    0.288952571   20.186868608 -579.841192209
    0.292486554   18.287858868 -497.027388254
    0.296020538   16.675259834 -417.495643773
    0.299554521   15.302027749 -365.944720403
    0.303088505   14.063648164 -337.885833846
    0.306622488   12.867890710 -337.905838946
    0.310156472   11.654673036 -348.872809482
    0.313690455   10.399446636 -357.497512756
    0.317224439    9.134883839 -358.712178112
    0.320758422    7.893568301 -342.074907368
    0.324292406    6.734215624 -312.209574433
    0.327826389    5.687612257 -282.117677494
    0.331360373    4.737870540 -253.146213046
    0.334894356    3.893748894 -221.148872117
    0.338428339    3.183658791 -178.222507891
    0.341962323    2.642251426 -126.909974514
    0.345496306    2.281472253  -81.253274787
    0.349030290    2.018737686  -69.700171509
    0.352564273    1.773331393  -70.365129686
    0.356098257    1.519061436  -72.022249238
    0.359632240    1.277065590  -61.121427860
    0.363166224    1.086453299  -49.931038888
    0.366700207    0.915402653  -51.116940020
    0.370234191    0.700876385  -72.733892597
    0.373768174    0.419996200  -82.894336108
    0.377302158    0.147881372  -65.560607119
    0.380836141    0.000000000  -14.560514079
    0.384370125    0.058170279   50.125018759
    0.387904108    0.326011239   98.450275301
    0.391438092    0.729988701  128.812324941
    0.394972075    1.224200766  148.701173963
    0.398506059    1.785313367  170.072229461
    0.402040042    2.433752871  198.739459242
    0.405574026    3.174591651  218.593322970
    0.409108009    3.952908165  219.871854756
    0.412641993    4.709256542  206.864846852
    0.416175976    5.395838326  180.437555993
    0.419709960    5.962483625  141.955526793
    0.423243943    6.405182083  109.084821378
    0.426777927    6.744662738   84.571526263
    0.430311910    7.013999123   70.514540634
    0.433845894    7.244921987   57.760570926
    0.437379877    7.414501927   33.768583001
    0.440913861    7.501291458   14.651110513
    0.444447844    7.523959744   -1.015855516
    0.447981828    7.497976541  -11.965167976
    0.451515811    7.449853091  -15.718509044
    0.455049795    7.382058680  -19.550746546
    0.458583778    7.302288786  -24.841097363
    0.462117762    7.198093470  -33.875438015
    0.465651745    7.055313533  -47.159129671
    0.469185729    6.888840693  -45.127967830
    0.472719712    6.732369628  -41.246276105
    0.476253696    6.604359128  -32.010192050
    0.479787679    6.508127863  -22.752743909
    0.483321662    6.447308655  -10.564379572
    0.486855646    6.423099854   -1.958324673
    0.490389629    6.429985120    5.838564405
    0.493923613    6.480320851   23.561077983
    0.497457596    6.606241572   47.042267315
    0.500991580    6.808196364   65.156244804
    0.504525563    7.057385130   71.954619048
    0.508059547    7.302181284   63.931388698
    0.511593530    7.512611255   53.731262273
    0.515127514    7.687277073   44.985420264
    0.518661497    7.849314488   51.164664220
    0.522195481    8.044828857   60.716465455
    0.525729464    8.279564308   72.294236452
    0.529263448    8.540638960   74.602178885
    0.532797431    8.785021512   63.549012496
    0.536331415    8.976784965   47.737053280
    0.539865398    9.133489826   42.709952080
    0.543399382    9.286030139   44.778485476
    0.546933365    9.456951905   53.085546689
    0.550467349    9.652533734   56.806778602
    0.554001332    9.851392671   55.916440227
    0.557535316   10.035392050   47.835812742
    0.561069299   10.203691344   47.061388153
    0.564603283   10.383272639   55.834105704
    0.568137266   10.597660235   66.375746056
    0.571671250   10.837243883   66.600018927
    0.575205233   11.071176701   65.141072547
    0.578739217   11.294048207   58.751344281
    0.582273200   11.487075839   51.211520364
    0.585807184   11.670157727   52.597760026
    0.589341167   11.865483570   57.661060265
    0.592875151   12.072735645   60.516531730
    0.596409134   12.280532156   56.197992945
    0.599943118   12.456387665   42.640715760
    0.603477101   12.579757002   26.948091878
    0.607011085   12.648107181   16.748875339
    0.610545068   12.706774967   17.065190402
    0.614079052   12.769617046   18.288445704
    0.617613035   12.832806446   19.286698225
    0.621147018   12.893746633   13.606353831
    0.624681002   12.926524738    4.967336475
    0.628214985   12.934464138   -1.181671207
    0.631748969   12.934569971    2.217415707
    0.635282952   12.969898801   16.784601578
    0.638816936   13.054288030   32.570446768
    0.642350919   13.168818937   31.731191274
    0.645884903   13.268608907   24.584488336
    0.649418886   13.329261728    4.183491506
    0.652952870   13.306613114  -18.277107985
    0.656486853   13.227713444  -26.058446148
    0.660020837   13.139626399  -20.855200341
    0.663554820   13.100211355   -1.633836381
    0.667088804   13.116251448    8.702551439
    0.670622787   13.139127719    0.930691805
    0.674156771   13.125311683  -11.259896897
    0.677690754   13.075103583  -14.222286383
    0.681224738   13.037518568   -6.369400728
    0.684758721   13.042084576    8.955602549
    0.688292705   13.086025221   14.309522680
    0.691826688   13.124277155    4.870161630
    0.695360672   13.112653084  -10.952656968
    0.698894655   13.053251611  -19.059776977
    0.702428639   12.990069936  -13.337773816
    0.705962622   12.969583697   -1.401721453
    0.709496606   12.984769534    7.911797126
    0.713030589   13.000866035    1.593727607
    0.716564573   12.992133085   -3.842684803
    0.720098556   12.975068834  -10.972777007
    0.723632540   12.933324308  -13.411127598
    0.727166523   12.889422889  -14.831724462
    0.730700507   12.832912608  -15.710550075
    0.734234490   12.777931770  -13.303244044
    0.737768474   12.739320517   -9.268668299
    0.741302457   12.707377973  -10.417361609
    0.744836441   12.650317474  -23.099940652
    0.748370424   12.539325559  -39.596025208
    0.751904408   12.376697044  -48.479540482
    0.755438391   12.203070830  -47.553451318
    0.758972375   12.049389544  -40.010698517
    0.762506358   11.916003175  -37.510361792
    0.766040341   11.774008148  -44.411658258
    0.769574325   11.591932856  -56.214590028
    0.773108308   11.373876983  -65.491344979
    0.776642292   11.136821837  -69.321013130
    0.780176275   10.889231089  -69.663954260
    0.783710259   10.645458161  -66.800951207
    0.787244242   10.418750717  -62.705665757
    0.790778226   10.200789290  -65.069746356
    0.794312209    9.963371685  -70.299573981
    0.797846193    9.701977400  -80.700798010
    0.801380176    9.398975711  -90.972210478
    0.804914160    9.071470092  -90.691431087
    0.808448143    8.766466918  -79.724828775
    0.811982127    8.513799784  -63.752403160
    0.815516110    8.305952375  -52.951211951
    0.819050094    8.119623578  -56.174559024
    0.822584077    7.908558348  -62.348165778
    0.826118061    7.673687189  -68.970451798
    0.829652044    7.433630302  -66.716345615
    0.833186028    7.210991469  -59.893534556
    0.836720011    7.017698583  -50.251878260
    0.840253995    6.839753861  -50.663900746
    0.843787978    6.661750065  -51.877298944
    0.847321962    6.474230682  -53.205073818
    0.850855945    6.291474281  -50.344397718
    0.854389929    6.126365760  -41.562490546
    0.857923912    5.984156765  -39.347916083
    0.861457896    5.850642483  -38.353903870
    0.864991879    5.713857654  -37.813172780
    0.868525863    5.589832187  -34.396998499
    0.872059846    5.471118994  -33.325618900
    0.875593830    5.357211124  -32.498144561
    0.879127813    5.237782557  -37.091147542
    0.882661797    5.096863284  -43.840929665
    0.886195780    4.934745564  -44.934638755
    0.889729764    4.787962725  -37.981261737
    0.893263747    4.679083653  -23.060830112
    0.896797731    4.607984036  -18.605183752
    0.900331714    4.528671796  -25.458052132
    0.903865697    4.427899590  -33.327719269
    0.907399681    4.307417081  -33.477412026
    0.910933664    4.200295513  -24.230120190
    0.914467648    4.138848133  -13.099931783
    0.918001631    4.098607727   -9.937481865
    0.921535615    4.053860215  -16.018660079
    0.925069598    3.995907905  -16.402477354
    0.928603582    3.936445954  -16.840010404
    0.932137565    3.882384970  -14.868264558
    0.935671549    3.827973543  -13.444107482
    0.939205532    3.790995692   -9.382698780
    0.942739516    3.756180863   -9.845715923
    0.946273499    3.735179085   -2.696580523
    0.949807483    3.738632462    1.914827242
    0.953341466    3.755407744    4.698113307
    0.956875450    3.766865029    3.508833376
    0.960409433    3.772234894    1.398600947
    0.963943417    3.767476483   -1.302593750
    0.967477400    3.770389171    3.415195779
    0.971011384    3.786196784    9.324042626
    0.974545367    3.827879291   12.271888469
    0.978079351    3.881670701   18.018284709
    0.981613334    3.947484981   20.875350556
    0.985147318    4.018703560   19.472215086
    0.988681301    4.091637342   21.711385099
    0.992215285    4.169622802   24.410454931
    0.995749268    4.260930061   28.477099891
    0.999283252    4.365186859   28.101697658
    1.002817235    4.453228625   21.910070033
    1.006351219    4.514495962   13.020218307
    1.009885202    4.555810455   10.246106725
    1.013419186    4.603916444   19.611079491
    1.016953169    4.700959395   34.974070099
    1.020487153    4.842082192   41.268524828
    1.024021136    4.977173987   33.205003201
    1.027555120    5.071884703   22.553115202
    1.031089103    5.149096403   24.250373332
    1.034623087    5.250590791   36.986374051
    1.038157070    5.404185570   46.702606035
    1.041691054    5.560352348   41.788517491
    1.045225037    5.677548052   26.330035337
    1.048759020    5.747392871   14.977446387
    1.052293004    5.807416872   22.899766330
    1.055826987    5.916654044   39.085725103
    1.059360971    6.075763431   47.415336382
    1.062894954    6.224694458   37.161475014
    1.066428938    6.335953588   26.892641060
    1.069962921    6.420749200   22.374446282
    1.073496905    6.515099454   33.161122442
    1.077030888    6.650657752   41.230073515
    1.080564872    6.796671922   36.722753497
    1.084098855    6.902970885   22.110584854
    1.087632839    6.956219177   11.665678215
    1.091166822    7.003322148   17.379620641
    1.094700806    7.086847782   29.358890929
    1.098234789    7.203711473   34.541437722
    1.101768773    7.319085390   28.385854178
    1.105302756    7.395712528   16.389164210
    1.108836740    7.443211206   11.104426621
    1.112370723    7.488008580   16.487424273
    1.115904707    7.560301564   25.567698118
    1.119438690    7.646442837   22.407759893
    1.122972674    7.709357373   13.595274016
    1.126506657    7.737583064    4.369443919
    1.130040641    7.762929806   11.060899663
    1.133574624    7.824016323   23.969798995
    1.137108608    7.925457642   29.986000398
    1.140642591    8.024994512   22.940102373
    1.144176575    8.094737413   14.072052330
    1.147710558    8.140654033   12.105211137
    1.151244542    8.184094475   15.462413106
    1.154778525    8.259469098   26.272969743
    1.158312509    8.356555990   26.363458919
    1.161846492    8.428382004   12.152927495
    1.165380476    8.444990922   -4.078908704
    1.168914459    8.424562666   -4.719665198
    1.172448443    8.430166177    6.954658303
    1.175982426    8.476908816   17.494151395
    1.179516410    8.533657908   11.538476537
    1.183050393    8.547207082   -6.382872053
    1.186584376    8.492697701  -22.066210694
    1.190118360    8.389186876  -33.961866041
    1.193652343    8.261732325  -35.570878576
    1.197186327    8.136733521  -32.009481580
    1.200720310    8.031275540  -29.608168854
    1.204254294    7.922442972  -35.267166816
    1.207788277    7.780281023  -45.479759880
    1.211322261    7.602372552  -54.728290667
    1.214856244    7.402185368  -59.658722375
    1.218390228    7.201817380  -53.587916724
    1.221924211    7.026678214  -42.681785916
    1.225458195    6.896501525  -35.084426567
    1.228992178    6.765106033  -40.929253445
    1.232526162    6.596458636  -56.024916067
    1.236060145    6.375455661  -70.190794659
    1.239594129    6.120701683  -70.510316606
    1.243128112    5.887654233  -62.506620606
    1.246662096    5.695575740  -49.295321344
    1.250196079    5.531558950  -44.056704569
    1.253730063    5.372199349  -46.927423990
    1.257264046    5.201909256  -48.514681052
    1.260798030    5.023031556  -50.573907024
    1.264332013    4.852111219  -45.901388843
    1.267865997    4.704659100  -37.121694137
    1.271399980    4.570336081  -38.557664372
    1.274933964    4.430903122  -40.741782251
    1.278467947    4.294031780  -35.691028292
    1.282001931    4.181090117  -29.172827051
    1.285535914    4.102755978  -14.216738237
    1.289069898    4.069595954   -6.918476811
    1.292603881    4.045081302   -8.225004291
    1.296137865    3.997984334  -19.871203200
    1.299671848    3.914717785  -25.890657645
    1.303205832    3.836980475  -16.991169704
    1.306739815    3.797805117   -4.245965762
    1.310273799    3.808453145    8.986709986
    1.313807782    3.844899948    9.528876319
    1.317341766    3.880577867    8.571074866
    1.320875749    3.919105025   16.244257371
    1.324409732    3.999270236   28.752790362
    1.327943716    4.114918461   37.044322119
    1.331477699    4.243314580   35.533162842
    1.335011683    4.355205891   28.098702306
    1.338545666    4.447259286   26.472475017
    1.342079650    4.561935394   40.384570599
    1.345613633    4.735725475   59.568773705
    1.349147617    4.974157618   73.280664223
    1.352681600    5.225798496   65.818670215
    1.356215584    5.435401290   51.791591569
    1.359749567    5.586322687   35.176280316
    1.363283551    5.707858477   36.644442047
    1.366817534    5.869941628   56.539865891
    1.370351518    6.107421933   75.629265078
    1.373885501    6.392930044   80.848927798
    1.377419485    6.659234075   68.142599620
    1.380953468    6.873357920   52.420581782
    1.384487452    7.046899283   46.053677952
    1.388021435    7.215038135   48.928163315
    1.391555419    7.388712208   50.077214522
    1.395089402    7.552483401   40.598997066
    1.398623386    7.671088524   26.585750295
    1.402157369    7.743186638   14.574137954
    1.405691353    7.785517448   10.722585791
    1.409225336    7.830030989   15.969835474
    1.412759320    7.897868125   19.137083880
    1.416293303    7.952296256   10.672559244
    1.419827287    7.964767466   -5.127949002
    1.423361270    7.906413770  -23.270944715
    1.426895254    7.814400261  -25.954239519
    1.430429237    7.734403159  -19.127197967
    1.433963221    7.676960960  -12.805393629
    1.437497204    7.633990169  -13.713395255
    1.441031188    7.572331717  -22.036850915
    1.444565171    7.473176272  -33.742671493
    1.448099155    7.336754015  -42.118507637
    1.451633138    7.200007303  -33.820204335
    1.455167122    7.112964011  -14.859584876
    1.458701105    7.091097266    2.040438379
    1.462235089    7.101702488    3.982302460
    1.465769072    7.111962895   -0.209877040
    1.469303055    7.090770380   -9.857509493
    1.472837039    7.047489292  -13.818636792
    1.476371022    6.999079984  -12.529464242
    1.479905006    6.963902204   -5.341272035
    1.483438989    6.947504798   -2.316865390
    1.486972973    6.943729950   -1.667213495
    1.490506956    6.936275763   -3.589597246
    1.494040940    6.919367122   -0.979825401
    1.497574923    6.931527932    8.672299967
    1.501108907    6.972434449   16.348689140
    1.504642890    7.049286937   29.036214336
    1.508176874    7.168939861   37.151329715
    1.511710857    7.311119257   42.176054347
    1.515244841    7.459357428   40.627552060
    1.518778824    7.595553216   34.078123171
    1.522312808    7.708515874   30.988029705
    1.525846791    7.812961628   31.670182725
    1.529380775    7.949009085   45.616947911
    1.532914758    8.133343695   58.720646235
    1.536448742    8.359999027   66.758628160
    1.539982725    8.591975661   65.350415093
    1.543516709    8.824348856   65.156647171
    1.547050692    9.061832444   71.238988142
    1.550584676    9.327672845   82.802470691
    1.554118659    9.635574739   93.472389458
    1.557652643    9.980791388   98.206005356
    1.561186626   10.318572565   93.195589990
    1.564720610   10.631984494   85.372375935
    1.568254593   10.923627492   81.260505760
    1.571788577   11.218565660   89.456098259
    1.575322560   11.554243827   99.994327481
    1.578856544   11.918180770  101.993226730
    1.582390527   12.271051644   95.506934448
    1.585924511   12.596357722   88.438270532
    1.589458494   12.911036379   90.156775333
    1.592992478   13.244755311   99.670979407
    1.596526461   13.601231151  102.978300515
    1.600060445   13.961316666   94.116451972
    1.603594428   14.267064776   79.862797011
    1.607128411   14.539613466   75.514257105
    1.610662395   14.817898936   85.626552374
    1.614196378   15.135161504   91.123835220
    1.617730362   15.450482795   83.068359269
    1.621264345   15.703305635   59.699195811
    1.624798329   15.867225549   34.348942849
    1.628332312   15.964607037   24.853013978
    1.631866296   16.060268764   30.384723471
    1.635400279   16.174203231   31.569140083
    1.638934263   16.273138932   22.936641223
    1.642468246   16.334203320   13.815270557
    1.646002230   16.372917303    9.465425435
    1.649536213   16.414458451   13.933656595
    1.653070197   16.467648982   15.908450083
    1.656604180   16.520593854   11.997773599
    1.660138164   16.553492292    7.671149669
    1.663672147   16.570293095    4.688869222
    1.667206131   16.588985967    5.762756342
    1.670740114   16.615640854    5.936415277
    1.674274098   16.618202000   -5.283744689
    1.677808081   16.571504486  -18.623376021
    1.681342065   16.492267832  -25.409633256
    1.684876048   16.397954431  -26.718916260
    1.688410032   16.326364622  -14.199882968
    1.691944015   16.295881722   -3.195903051
    1.695477999   16.299822706    1.866976436
    1.699011982   16.297339720   -4.282801177
    1.702545966   16.269664549  -13.156487041
    1.706079949   16.213237390  -17.962109432
    1.709613933   16.162704168  -10.574601160
    1.713147916   16.143403410   -0.274926032
    1.716681900   16.128214067   -8.214217547
    1.720215883   16.074740092  -23.300853612
    1.723749867   15.969191340  -35.608712247
    1.727283850   15.843346067  -34.608651208
    1.730817834   15.733585774  -26.761118465
    1.734351817   15.647533141  -24.326431364
    1.737885801   15.550882550  -32.718844407
    1.741419784   15.418099321  -42.981979712
    1.744953768   15.255586520  -44.048707352
    1.748487751   15.123750708  -27.513477491
    1.752021734   15.046507571  -19.542430023
    1.755555718   14.982726591  -20.255835525
    1.759089701   14.897434080  -30.581452814
    1.762623685   14.763218975  -42.816817851
    1.766157668   14.601729937  -48.272228405
    1.769691652   14.435832915  -44.881783672
    1.773225635   14.286627079  -41.903400308
    1.776759619   14.144549058  -38.493779217
    1.780293602   14.022247277  -29.899672022
    1.783827586   13.933111063  -20.902182273
    1.787361569   13.865117529  -16.452186753
    1.790895553   13.796451899  -24.690598242
    1.794429536   13.690991343  -35.872059510
    1.797963520   13.560414640  -36.062151787
    1.801497503   13.436813835  -30.187624324
    1.805031487   13.349071681  -22.167491122
    1.808565470   13.275035530  -21.153736051
    1.812099454   13.170942139  -38.303126119
    1.815633437   13.012924894  -47.390587405
    1.819167421   12.844880092  -42.071340447
    1.822701404   12.723056203  -25.245061810
    1.826235388   12.671599286   -6.696516469
    1.829769371   12.652396021   -7.228336846
    1.833303355   12.598035280  -22.847761504
    1.836837338   12.490455047  -36.845239605
    1.840371322   12.357913360  -37.823880507
    1.843905305   12.238764289  -26.580796293
    1.847439289   12.176418185   -9.390098761
    1.850973272   12.156776057   -6.115271546
    1.854507256   12.118051479  -15.146221891
    1.858041239   12.050528779  -22.347147383
    1.861575223   11.981733594  -14.966465328
    1.865109206   11.950483093   -3.295834433
    1.868643190   11.947960341    2.909024679
    1.872177173   11.948419109   -3.841738537
    1.875711157   11.918499377  -14.434899816
    1.879245140   11.856945102  -17.439557442
    1.882779124   11.801752813  -10.208635860
    1.886313107   11.786786252    2.839384400
    1.889847090   11.808622763    7.248126112
    1.893381074   11.810725276   -5.446801013
    1.896915057   11.779890111  -11.501703236
    1.900449041   11.737564199  -11.327958910
    1.903983024   11.701283434   -6.483392652
    1.907517008   11.695702252    2.157075624
    1.911050991   11.695099581   -0.572949397
    1.914584975   11.696655544    3.085862554
    1.918118958   11.718397835   10.223999763
    1.921652942   11.761096266   14.892240589
    1.925186925   11.821050703   17.124337208
    1.928720909   11.866515222    6.142525062
    1.932254892   11.870806325   -3.834228615
    1.935788876   11.850179966   -4.830350925
    1.939322859   11.858302327   10.798834843
    1.942856843   11.921609746   23.293816339
    1.946390826   12.001287754   17.554528797
    1.949924810   12.037311877    2.214394865
    1.953458793   12.019199476  -10.000940368
    1.956992777   11.989791544   -2.535837644
    1.960526760   12.016364709   16.825240194
    1.964060744   12.099205598   29.620566901
    1.967594727   12.216202206   32.323712271
    1.971128711   12.309751855   18.773351286
    1.974662694   12.351003513    5.640552545
    1.978196678   12.365818625    3.966341868
    1.981730661   12.379432800    8.484145458
    1.985264645   12.423526916   16.476159623
    1.988798628   12.493784612   23.748307485
    1.992332612   12.577762929   24.685906543
    1.995866595   12.651188398   18.112606233
    1.999400579   12.715041597   16.922301018
    2.002934562   12.782397862   20.944000062
    2.006468546   12.863721395   24.805598882
    2.010002529   12.957830398   26.058709771
    2.013536513   13.042938790   22.297201442
    2.017070496   13.109900157   14.572143634
    2.020604480   13.154728801   11.359570680
    2.024138463   13.188991639    9.530977430
    2.027672446   13.233573852   15.557830874
    2.031206430   13.284361976   14.222152901
    2.034740413   13.344315288   19.492940830
    2.038274397   13.425988554   24.349085272
    2.041808380   13.516076541   26.592515330
    2.045342364   13.600841530   19.546963905
    2.048876347   13.649566044   10.532644438
    2.052410331   13.676106805    6.294562949
    2.055944314   13.702059501   10.503410796
    2.059478298   13.757286884   22.596354682
    2.063012281   13.833440629   19.144848844
    2.066546265   13.884607282   11.474191664
    2.070080248   13.911167791    4.070366176
    2.073614232   13.933502541    9.327852781
    2.077148215   13.982604229   19.454997307
    2.080682199   14.068896599   29.005685194
    2.084216182   14.176842465   31.110801243
    2.087750166   14.271422081   20.986526673
    2.091284149   14.333001804   14.766958519
    2.094818133   14.386331222   16.130055442
    2.098352116   14.457949666   23.240131724
    2.101886100   14.536390103   23.058224780
    2.105420083   14.617897778   19.272516052
    2.108954067   14.675134931   11.277696538
    2.112488050   14.708850750    7.862185514
    2.116022034   14.731463852    1.168637575
    2.119556017   14.732766605   -0.560122821
    2.123090001   14.738835050    2.335875585
    2.126623984   14.754703443    5.644767791
    2.130157968   14.778952611    8.543925719
    2.133691951   14.798674758    4.778714654
    2.137225935   14.815005791    6.457344871
    2.140759918   14.840856682    8.231686119
    2.144293902   14.884869851   14.857636329
    2.147827885   14.938090939   12.209265696
    2.151361869   14.981651759   13.293013778
    2.154895852   15.028500314   12.330879176
    2.158429836   15.059332171    4.009714345
    2.161963819   15.068958725    0.319401603
    2.165497803   15.075701975    1.200393169
    2.169031786   15.095529790    8.989007412
    2.172565769   15.143653720   17.266445151
    2.176099753   15.216516899   22.077885329
    2.179633736   15.297205210   22.714456836
    2.183167720   15.376756524   22.672943005
    2.186701703   15.459646156   22.816849309
    2.190235687   15.554896151   29.115458786
    2.193769670   15.676866851   35.665094535
    2.197303654   15.801620937   31.130091595
    2.200837637   15.901468124   25.210885846
    2.204371621   15.983892596   22.569952549
    2.207905604   16.058052755   19.323666491
    2.211439588   16.134145998   23.149853502
    2.214973571   16.214008712   21.249804759
    2.218507555   16.286221016   18.259572664
    2.222041538   16.355222120   19.040306573
    2.225575522   16.425434014   22.073590276
    2.229109505   16.504398172   22.476479580
    2.232643489   16.605701966   32.521923106
    2.236177472   16.735523761   39.373083776
    2.239711456   16.880214445   40.340044766
    2.243245439   17.007177128   29.902840859
    2.246779423   17.098274093   22.357492220
    2.250313406   17.162898264   15.920614161
    2.253847390   17.230376043   22.208120064
    2.257381373   17.318975792   29.418540034
    2.260915357   17.417872462   27.867858135
    2.264449340   17.502214223   19.774836111
    2.267983324   17.559003868   15.562456750
    2.271517307   17.632360119   27.201445350
    2.275051291   17.760995833   44.329338033
    2.278585274   17.941800299   54.333650953
    2.282119258   18.124805580   45.042774673
    2.285653241   18.240467504   20.418879958
    2.289187225   18.285368294    5.836756563
    2.292721208   18.300923979    3.650652239
    2.296255192   18.338361368   17.016118722
    2.299789175   18.414557827   25.048215941
    2.303323159   18.515279275   27.681752749
    2.306857142   18.608314057   23.898519065
    2.310391125   18.676467809   17.058401564
    2.313925109   18.728879589   13.497866087
    2.317459092   18.765417748    7.619469515
    2.320993076   18.789915188    5.465034184
    2.324527059   18.818048096   11.241412943
    2.328061043   18.862278183   13.797113553
    2.331595026   18.921166526   19.743825983
    2.335129010   18.990508027   18.919398187
    2.338662993   19.051233634   18.775760621
    2.342196977   19.117297481   18.021451755
    2.345730960   19.186449853   19.180100952
    2.349264944   19.257178288   19.185924623
    2.352798927   19.317301537   15.742114009
    2.356332911   19.368442971   11.879987110
    2.359866894   19.391451314    1.920402272
    2.363400878   19.389840271   -3.376820388
    2.366934861   19.383831747   -2.621815466
    2.370468845   19.392983275    6.428194381
    2.374002828   19.435027729   12.318365674
    2.377536812   19.476824682    8.059881641
    2.381070795   19.486561648   -2.841239172
    2.384604779   19.460225189  -10.261890719
    2.388138762   19.424390030   -6.035357408
    2.391672746   19.433726063   11.525337088
    2.395206729   19.500398157   23.119070022
    2.398740713   19.569477158   11.977614168
    2.402274696   19.587386020   -5.709754587
    2.405808680   19.534334042  -22.219676351
    2.409342663   19.461047353  -15.253562168
    2.412876647   19.433084923   -0.560107152
    2.416410630   19.447109213    1.746177429
    2.419944614   19.426016200  -15.561296032
    2.423478597   19.343770275  -29.253018297
    2.427012581   19.239834954  -27.323645218
    2.430546564   19.169821687   -8.985933638
    2.434080548   19.175173977    5.460153526
    2.437614531   19.192225741   -1.397104838
    2.441148515   19.156012933  -20.903693703
    2.444682498   19.058013521  -33.366748157
    2.448216482   18.946873284  -26.751747036
    2.451750465   18.890800156   -5.285970121
    2.455284448   18.896329163    6.951993698
    2.458818432   18.918390862    2.579707872
    2.462352415   18.901663731  -12.121135248
    2.465886399   18.845619080  -18.118148055
    2.469420382   18.777977243  -18.924397500
    2.472954366   18.727849607  -11.201037731
    2.476488349   18.686497462  -12.362445714
    2.480022333   18.639595712  -13.824019853
    2.483556316   18.574955822  -19.597133919
    2.487090300   18.508841293  -19.703763354
    2.490624283   18.455300153   -9.882412476
    2.494158267   18.446476578    2.501871335
    2.497692250   18.472951644    8.838309710
    2.501226234   18.505847592    7.175681857
    2.504760217   18.522703019    0.345597519
    2.508294201   18.513616602   -4.385040068
    2.511828184   18.502595019   -0.064666248
    2.515362168   18.521571539   10.053457910
    2.518896151   18.570771220   17.429660795
    2.522430135   18.632431377   15.502067675
    2.525964118   18.666059282    6.707143633
    2.529498102   18.684023874    3.568780406
    2.533032085   18.701552860    7.332212778
    2.536566069   18.755078668   21.160905732
    2.540100052   18.838044694   26.115336455
    2.543634036   18.922577780   20.934421826
    2.547168019   18.974004573   12.220462481
    2.550702003   19.025364994   17.810921927
    2.554235986   19.103751786   29.444616184
    2.557769970   19.237656173   45.228258586
    2.561303953   19.406525958   46.747286724
    2.564837937   19.558904884   36.477540184
    2.568371920   19.658655826   20.165447670
    2.571905904   19.718762972   16.081933732
    2.575439887   19.793376144   28.550685017
    2.578973871   19.908440212   36.666564928
    2.582507854   20.037601274   34.075705554
    2.586041838   20.134326845   17.811636555
    2.589575821   20.173568885    6.669897967
    2.593109804   20.195324522   10.144482619
    2.596643788   20.254432545   26.325587834
    2.600177771   20.366877882   36.830291639
    2.603711755   20.488668583   30.230229980
    2.607245738   20.576512723   17.707472130
    2.610779722   20.615303722    5.776541374
    2.614313705   20.632198971    6.551763796
    2.617847689   20.666790197   17.244096111
    2.621381672   20.757086187   30.997109694
    2.624915656   20.867058853   27.465271124
    2.628449639   20.946613346   13.490190253
    2.631983623   20.955034274   -8.367989420
    2.635517606   20.909727701  -17.000027873
    2.639051590   20.847237044  -14.501058900
    2.642585573   20.818480138   -0.206987533
    2.646119557   20.844389122   12.576413108
    2.649653540   20.892917182   12.542409502
    2.653187524   20.928745814    8.149428047
    2.656721507   20.936731567   -1.183575711
    2.660255491   20.929723229   -1.686259858
    2.663789474   20.936547650    6.611806792
    2.667323458   20.970569906   12.434925524
    2.670857441   21.015255368   10.305083100
    2.674391425   21.025693584   -2.139440788
    2.677925408   21.003917699   -9.989558628
    2.681459392   20.966158372  -10.455805616
    2.684993375   20.950650691   -0.722294105
    2.688527359   20.958336220    5.690459449
    2.692061342   20.986860151    5.551393754
    2.695595326   21.001741955    2.721924015
    2.699129309   21.012300009    1.178161336
    2.702663293   21.016761343    0.991062188
    2.706197276   21.026624585    4.044280543
    2.709731260   21.046813098    7.992323321
    2.713265243   21.074801214    8.273376146
    2.716799227   21.092872420    0.949862129
    2.720333210   21.092714865   -1.583402243
    2.723867194   21.089400061   -0.764538333
    2.727401177   21.086365569    2.933221970
    2.730935161   21.106716081    7.161308297
    2.734469144   21.137236274    8.362521477
    2.738003127   21.155213528    1.235234175
    2.741537111   21.148051630   -4.873465402
    2.745071094   21.138873895    2.274512618
    2.748605078   21.163512252   13.191134810
    2.752139061   21.223790635   21.241134015
    2.755673045   21.308226760   22.314703546
    2.759207028   21.363639959    7.303119098
    2.762741012   21.361698205   -9.338483342
    2.766274995   21.334524874   -5.508557764
    2.769808979   21.334113772    5.955839757
    2.773342962   21.382193835   20.946246205
    2.776876946   21.457758630   19.332956355
    2.780410929   21.498980263    4.088343655
    2.783944913   21.482167366  -11.546055399
    2.787478896   21.430931972  -14.573213148
    2.791012880   21.405023989   -1.295061071
    2.794546863   21.425317592    9.508475893
    2.798080847   21.455517981    7.733004749
    2.801614830   21.464797304   -2.742867975
    2.805148814   21.438657255   -7.780304133
    2.808682797   21.423483905    1.434490234
    2.812216781   21.468219243   21.439495159
    2.815750764   21.559988229   25.453603370
    2.819284748   21.620890213    8.242735754
    2.822818731   21.598741028  -17.995524185
    2.826352715   21.519665536  -22.899726104
    2.829886698   21.448892529  -11.261330440
    2.833420682   21.450480554   12.600632813
    2.836954665   21.530628787   27.605814796
    2.840488649   21.631121349   24.302105384
    2.844022632   21.704498302   17.524681265
    2.847556616   21.756089124   12.620945053
    2.851090599   21.808793979   16.678321699
    2.854624583   21.869796894   14.980449385
    2.858158566   21.909337567    7.880959671
    2.861692550   21.928636623    3.200312250
    2.865226533   21.946269467    6.508848679
    2.868760517   21.986930825   17.297298942
    2.872294500   22.065485517   24.572272401
    2.875828483   22.141991652   19.444428456
    2.879362467   22.192581770   11.114642119
    2.882896450   22.227282587    8.906894550
    2.886430434   22.270001889   14.423523908
    2.889964417   22.343008728   27.608215508
    2.893498401   22.447284694   29.748120445
    2.897032384   22.550968295   28.215928996
    2.900566368   22.639707135   23.425408847
    2.904100351   22.711958357   19.038013026
    2.907634335   22.766964838   10.876657246
    2.911168318   22.793760326    2.037128914
    2.914702302   22.800748080    2.533752581
    2.918236285   22.823071533    9.639675869
    2.921770269   22.875644992   18.485298608
    2.925304252   22.950106571   19.998563547
    2.928838236   23.018117145   16.877116736
    2.932372219   23.065077269    9.880351858
    2.935906203   23.108753002   15.322365217
    2.939440186   23.185383364   26.632015040
    2.942974170   23.298839902   33.118606864
    2.946508153   23.410435483   29.138485577
    2.950042137   23.495013421   19.772106099
    2.953576120   23.549007013   12.564025011
    2.957110104   23.597151497   16.829282543
    2.960644087   23.683674434   31.595599084
    2.964178071   23.812125613   38.113936824
    2.967712054   23.947453967   37.765690385
    2.971246038   24.060255936   25.975582148
    2.974780021   24.131028360   14.825228629
    2.978314005   24.171225701    9.169401559
    2.981847988   24.214104810   13.864281376
    2.985381972   24.273898952   18.493865680
    2.988915955   24.334627928   15.467564163
    2.992449939   24.380919085   11.820687331
    2.995983922   24.431919236   15.995138128
    2.999517906   24.504965076   27.285156659
    3.003051889   24.616088412   35.387217903
    3.006585873   24.755977418   40.215270697
    3.010119856   24.885741954   30.791386421
    3.013653839   24.961563730   12.818211587
    3.017187823   24.987161341    2.845031939
    3.020721806   24.993270349    4.524664898
    3.024255790   25.027162975   15.887043881
    3.027789773   25.108993953   30.508305347
    3.031323757   25.222417468   30.351525174
    3.034857740   25.318151288   21.820806250
    3.038391724   25.372575934    8.375556224
    3.041925707   25.392187285    5.642529247
    3.045459691   25.427768969   14.274496897
    3.048993674   25.505893632   29.845227294
    3.052527658   25.619061759   32.861074825
    3.056061641   25.720399316   22.193438650
    3.059595625   25.774936561    7.661590129
    3.063129608   25.790150480    4.228426994
    3.066663592   25.815746839   10.645177046
    3.070197575   25.861682242   15.216653185
    3.073731559   25.907607867    9.362793194
    3.077265542   25.918711170   -1.421188314
    3.080799526   25.906819110   -2.997700389
    3.084333509   25.902583496    5.349930666
    3.087867493   25.948864346   19.992759234
    3.091401476   26.043522669   30.567252927
    3.094935460   26.145674054   25.344534105
    3.098469443   26.206832111   10.345382345
    3.102003427   26.214654505   -3.039977727
    3.105537410   26.203124229   -1.643938991
    3.109071394   26.209944371    1.476737782
    3.112605377   26.230701094    7.890666464
    3.116139361   26.250728808    3.085215349
    3.119673344   26.250112806   -0.087842935
    3.123207328   26.255140822    6.829588211
    3.126741311   26.317000524   29.735613898
    3.130275295   26.457446957   46.001023130
    3.133809278   26.599945093   30.120781522
    3.137343262   26.649144970   -5.745148548
    3.140877245   26.560934909  -39.996172036
    3.144411229   26.402120026  -43.909710224
    3.147945212   26.287007752  -14.923014410
    3.151479196   26.287511767   13.516568904
    3.155013179   26.352157997   20.256415668
    3.158547162   26.405105972    6.151857645
    3.162081146   26.404190272   -4.300589713
    3.165615129   26.392604380    1.010483806
    3.169149113   26.430004989   22.536233807
    3.172683096   26.542096679   39.644489050
    3.176217080   26.687260178   39.393848377
    3.179751063   26.798120991   20.093858777
    3.183285047   26.833628698    1.331022840
    3.186819030   26.815538135   -9.650880364
    3.190353014   26.776046683   -9.877002810
    3.193886997   26.760976368    1.153344985
    3.197420981   26.788172991   13.015941378
    3.200954964   26.832523973   12.711076146
    3.204488948   26.861123445    7.329200605
    3.208022931   26.887693795    6.225428792
    3.211556915   26.921774062   12.563728072
    3.215090898   26.971083843   16.237062846
    3.218624882   27.027317302   15.807454838
    3.222158865   27.060766661    3.457178276
    3.225692849   27.068016457    0.571497003
    3.229226832   27.072912097    1.372323337
    3.232760816   27.106307106   16.290281820
    3.236294799   27.179191755   25.057329307
    3.239828783   27.269726868   23.737569391
    3.243362766   27.336286175   12.997188166
    3.246896750   27.368892164    6.187934893
    3.250430733   27.397922477   10.118315234
    3.253964717   27.446566964   18.573304753
    3.257498700   27.526664279   23.013674284
    3.261032684   27.598767745   17.209409727
    3.264566667   27.639383644    5.902797823
    3.268100651   27.636967597   -5.281401844
    3.271634634   27.615624693   -3.761886190
    3.275168618   27.626039444   11.368595199
    3.278702601   27.685954203   22.665941049
    3.282236585   27.781571384   29.359667530
    3.285770568   27.866297522   16.586635907
    3.289304552   27.894946973    0.495063242
    3.292838535   27.876819416   -8.455265395
    3.296372518   27.853835282   -3.568744532
    3.299906502   27.867053133   11.427436073
    3.303440485   27.939417141   27.479635321
    3.306974469   28.039858979   30.384345210
    3.310508452   28.127023499   19.449989305
    3.314042436   28.178801687   11.164551986
    3.317576419   28.213704358   10.050736759
    3.321110403   28.256771292   11.596602253
    3.324644386   28.300531681   12.333096122
    3.328178370   28.338745891    9.617100392
    3.331712353   28.371787870   11.405418946
    3.335246337   28.413536153   14.493451241
    3.338780320   28.469480292   17.085048227
    3.342314304   28.528022830   15.144881967
    3.345848287   28.569097280   10.178373317
    3.349382271   28.598632166    8.387072606
    3.352916254   28.629353430   12.534730204
    3.356450238   28.670964137   11.706909642
    3.359984221   28.709569668    8.005955869
    3.363518205   28.725160443    0.180827447
    3.367052188   28.713433390   -5.395452558
    3.370586172   28.704598116    2.810378520
    3.374120155   28.738828598   16.455599333
    3.377654139   28.789243888   12.936812810
    3.381188122   28.802906274   -5.374942503
    3.384722106   28.754705868  -19.045388145
    3.388256089   28.684897071  -15.625162240
    3.391790073   28.660581974    4.166829153
    3.395324056   28.714530548   24.806471738
    3.398858040   28.829609358   37.843676046
    3.402392023   28.965607764   35.315220441
    3.405926007   29.071575294   23.573048235
    3.409459990   29.129992319   10.939073388
    3.412993974   29.159019540    6.096964343
    3.416527957   29.169757694    3.171374336
    3.420061941   29.174257057   -0.352127627
    3.423595924   29.179959171    5.589278278
    3.427129908   29.218592681   18.912664745
    3.430663891   29.302558174   27.954535893
    3.434197875   29.400303996   27.142496281
    3.437731858   29.481142475   16.520941912
    3.441265841   29.527979354   10.392418970
    3.444799825   29.565090575    9.075441087
    3.448333808   29.592293722    7.173738918
    3.451867792   29.612941704    2.796253015
    3.455401775   29.608173582   -6.611251218
    3.458935759   29.555256231  -20.082476639
    3.462469742   29.483720964  -19.050067449
    3.466003726   29.429389056   -7.750896774
    3.469537709   29.436832738    9.380126599
    3.473071693   29.484347168   12.791558051
    3.476605676   29.523058378    8.380057657
    3.480139660   29.550823218    7.752016742
    3.483673643   29.574665283    3.222596370
    3.487207627   29.581746799    2.512643359
    3.490741610   29.582551824   -1.109429302
    3.494275594   29.577545106    0.195054453
    3.497809577   29.590860895    7.063421460
    3.501343561   29.615144658    7.789346692
    3.504877544   29.636155797    5.959563994
    3.508411528   29.642431053   -3.611211610
    3.511945511   29.623389035   -4.733418814
    3.515479495   29.611517832   -0.719079968
    3.519013478   29.639178882   13.947751030
    3.522547462   29.710805159   22.304875012
    3.526081445   29.770441163    6.374824667
    3.529615429   29.757002278  -11.250516334
    3.533149412   29.697494958  -19.806125149
    3.536683396   29.654000545   -0.249560560
    3.540217379   29.699391641   25.011245690
    3.543751363   29.800977281   31.125575466
    3.547285346   29.898792952   21.257226323
    3.550819330   29.943339026    4.502088729
    3.554353313   29.924367558  -12.631629935
    3.557887297   29.882912710   -8.592262629
    3.561421280   29.863346141   -4.606616834
    3.564955264   29.858000437    1.755381656
    3.568489247   29.865005170    1.655323852
    3.572023231   29.877316228    6.580564415
    3.575557214   29.912081948   13.102555336
    3.579091197   29.955122294    8.398389392
    3.582625181   29.976307655    2.490394778
    3.586159164   29.969057626   -3.755303930
    3.589693148   29.955370043   -1.999532209
    3.593227131   29.972927743    8.762971102
    3.596761115   30.003534824    5.416459295
    3.600295098   30.007977020   -3.629202354
    3.603829082   29.962302047  -20.236607544
    3.607363065   29.891992771  -15.469032092
    3.610897049   29.860388122   -0.122261100
    3.614431032   29.885701642   15.763944666
    3.617965016   29.946456739   15.133188832
    3.621498999   29.983110753    4.682833809
    3.625032983   29.965786514  -10.710464331
    3.628566966   29.915983020  -14.479608167
    3.632100950   29.871324374   -9.896753529
    3.635634933   29.854758878    0.362582262
    3.639168917   29.863344990    4.749839578
    3.642702900   29.877315744    1.624451757
    3.646236884   29.885999149    3.760647558
    3.649770867   29.912796657   11.659951082
    3.653304851   29.959828212   15.083634000
    3.656838834   30.016092894   16.012654306
    3.660372818   30.060280311   11.752880793
    3.663906801   30.091608084    4.463869296
    3.667440785   30.098398175   -0.517758529
    3.670974768   30.092280896   -2.147726334
    3.674508752   30.077736184   -6.139940335
    3.678042735   30.052652729   -6.002959196
    3.681576719   30.029715119   -6.573823005
    3.685110702   30.015458382   -2.391393376
    3.688644686   30.006794178   -2.740544053
    3.692178669   30.008710026    0.026804957
    3.695712653   30.015904864    4.765564758
    3.699246636   30.037937364    9.001968805
    3.702780620   30.074948810   11.499617826
    3.706314603   30.124123916   14.692439559
    3.709848587   30.173910238   10.167350410
    3.713382570   30.181990325   -4.991210182
    3.716916554   30.151229774  -12.914908416
    3.720450537   30.099389519  -16.657253384
    3.723984520   30.035951214  -15.083785413
    3.727518504   29.998482767   -4.335558495
    3.731052487   30.004830494    6.493712594
    3.734586471   30.029970037    5.887470477
    3.738120454   30.046839886    3.307484264
    3.741654438   30.044245410   -3.410595686
    3.745188421   30.032406033   -3.177716500
    3.748722405   30.026615266    2.332142997
    3.752256388   30.050016659   11.075619060
    3.755790372   30.096936471   11.804572038
    3.759324355   30.122843585    1.934202139
    3.762858339   30.112381208   -8.450553221
    3.766392322   30.083416795   -6.362388278
    3.769926306   30.076891982    5.031341731
    3.773460289   30.112629200   11.349528379
    3.776994273   30.150650754    6.706259433
    3.780528256   30.143832591  -12.238269652
    3.784062240   30.070494648  -24.097878897
    3.787596223   30.002727952   -9.066602224
    3.791130207   30.018587953   16.001760855
    3.794664190   30.111135828   31.010795668
    3.798198174   30.209981616   22.044598731
    3.801732157   30.253011339   -1.525769145
    3.805266141   30.220671685  -16.057638321
    3.808800124   30.171598228   -7.656788140
    3.812334108   30.167410793    6.263950459
    3.815868091   30.199453273    9.524823805
    3.819402075   30.210516347   -3.957533388
    3.822936058   30.171494998  -16.145308202
    3.826470042   30.109986473  -16.485434175
    3.830004025   30.070761004   -3.006328128
    3.833538009   30.085402257   11.469731100
    3.837071992   30.140386827   18.204939342
    3.840605976   30.204941277   17.004669005
    3.844139959   30.249100089    6.745161509
    3.847673943   30.259256511   -0.962758912
    3.851207926   30.235724519  -12.617501166
    3.854741910   30.177573768  -19.513254303
    3.858275893   30.107584358  -19.296172447
    3.861809876   30.052382661  -13.959217079
    3.865343860   30.018088318   -4.794042537
    3.868877843   30.025310068    5.373002009
    3.872411827   30.056233015    9.496473634
    3.875945810   30.095053161   10.053598574
    3.879479794   30.130766723    7.374747895
    3.883013777   30.142070613   -1.756375871
    3.886547761   30.119391235   -9.375903087
    3.890081744   30.081044409  -10.562967444
    3.893615728   30.061957449    1.887976400
    3.897149711   30.085084649    7.995249143
    3.900683695   30.111404541    6.776490139
    3.904217678   30.116283436   -4.274451459
    3.907751662   30.082204382  -12.882124345
    3.911285645   30.030865068  -13.949146717
    3.914819629   29.997715578   -4.689799356
    3.918353612   29.996461391    2.653019849
    3.921887596   30.005419397    0.417167536
    3.925421579   30.008926174    0.503784040
    3.928955563   30.015696609    5.209152373
    3.932489546   30.059978984   16.049280114
    3.936023530   30.116941369   15.215463303
    3.939557513   30.147769716    0.544905441
    3.943091497   30.119007666  -14.645167703
    3.946625480   30.071496432   -9.651449026
    3.950159464   30.062027095    5.097685801
    3.953693447   30.101615644   15.115442500
    3.957227431   30.153767746   11.568578076
    3.960761414   30.173392178   -3.082727161
    3.964295398   30.150428291   -7.984486445
    3.967829381   30.120267523  -10.920336253
    3.971363365   30.100550248   -0.286246304
    3.974897348   30.112139023    5.317088498
    3.978431332   30.128036813    2.734235830
    3.981965315   30.130452147   -0.538833463
    3.985499299   30.128970879   -0.033500792
    3.989033282   30.131818552    2.483444737
    3.992567266   30.141568693    1.731643541
    3.996101249   30.151368756    1.891931869
    3.999635232   30.156662311    2.160075566
    4.003169216   30.168700969    4.018725573
    4.006703199   30.187640053    5.985188482
    4.010237183   30.203727731    3.823346249
    4.013771166   30.203770774   -2.645031996
    4.017305150   30.193836514   -3.506149286
    4.020839133   30.183079062   -2.301228298
    4.024373117   30.174856587   -0.888428920
    4.027907100   30.171502562   -1.310851021
    4.031441084   30.166348830   -3.904541721
    4.034975067   30.155189820   -3.122692399
    4.038509051   30.156048740    1.740892605
    4.042043034   30.189909035   16.212349092
    4.045577018   30.270561642   26.095771849
    4.049111001   30.346396105   15.210644287
    4.052644985   30.373773059   -0.211219444
    4.056178968   30.343234455  -14.406508347
    4.059712952   30.288500954  -14.213151137
    4.063246935   30.253922536   -3.221807609
    4.066780919   30.266305212    7.986735770
    4.070314902   30.300271707    8.750897855
    4.073848886   30.315601805    0.648240067
    4.077382869   30.305861732   -4.390775817
    4.080916853   30.298408259    3.513033333
    4.084450836   30.327884685   13.516012202
    4.087984820   30.387362976   16.447887744
    4.091518803   30.435601023    8.817841434
    4.095052787   30.444416932   -1.296531013
    4.098586770   30.425890674   -6.412901695
    4.102120754   30.417752635    1.471055921
    4.105654737   30.439924173    9.743661423
    4.109188721   30.479394403    9.398925805
    4.112722704   30.499455541    1.851093887
    4.116256688   30.487045216   -7.336228220
    4.119790671   30.459395255   -4.338970203
    4.123324655   30.465485869   10.544985848
    4.126858638   30.529660019   26.721661177
    4.130392622   30.634004703   28.755248294
    4.133926605   30.712556817   16.307300308
    4.137460589   30.741810666    1.412404963
    4.140994572   30.732483612   -7.711279925
    4.144528555   30.694458742  -11.896322472
    4.148062539   30.652619421  -10.810602323
    4.151596522   30.621894110   -5.946655029
    4.155130506   30.605006068   -2.600738883
    4.158664489   30.607337272    4.955022702
    4.162198473   30.634564472   11.294840708
    4.165732456   30.678959767   13.882160869
    4.169266440   30.725934947   14.052638923
    4.172800423   30.773501843   11.489071405
    4.176334407   30.805890520    5.953704556
    4.179868390   30.812018481   -1.295946620
    4.183402374   30.809809184    0.057468688
    4.186936357   30.805502521    0.787026760
    4.190470341   30.816972144    6.414338987
    4.194004324   30.855456445   15.655407988
    4.197538308   30.917818154   18.431510343
    4.201072291   30.965955682    6.269894695
    4.204606275   30.957173116  -10.296285346
    4.208140258   30.920279831   -7.292950048
    4.211674242   30.908423161    0.096682655
    4.215208225   30.920666820    6.527775676
    4.218742209   30.941284211    2.974464490
    4.222276192   30.932544540   -8.039204567
    4.225810176   30.892145234  -13.156187286
    4.229344159   30.869512374    2.418106500
    4.232878143   30.914043581   23.005673314
    4.236412126   31.014384504   30.392150571
    4.239946110   31.117544731   27.100881081
    4.243480093   31.174242735    6.156903254
    4.247014077   31.169582861   -7.200646703
    4.250548060   31.151213933    1.218490416
    4.254082044   31.177837829   12.612785930
    4.257616027   31.230197298   16.061522127
    4.261150011   31.263408832    1.714275130
    4.264683994   31.248490107   -9.237099276
    4.268217978   31.214921411   -6.765859237
    4.271751961   31.217422719    9.673366152
    4.275285945   31.277495426   23.762075709
    4.278819928   31.392703066   36.516037104
    4.282353911   31.500735586   24.731390617
    4.285887895   31.556087309    8.017875476
    4.289421878   31.570174904    0.868640438
    4.292955862   31.585404073    7.114233778
    4.296489845   31.627120008   13.991755300
    4.300023829   31.672149631    9.471877954
    4.303557812   31.686477910   -2.843726251
    4.307091796   31.653260675  -14.167278188
    4.310625779   31.602114974  -12.444697084
    4.314159763   31.550335107  -12.523173904
    4.317693746   31.517612023   -4.142728667
    4.321227730   31.514659505    2.099368185
    4.324761713   31.526089493    3.200241019
    4.328295697   31.543933425    6.504932264
    4.331829680   31.576685783   13.023462589
    4.335363664   31.635239969   17.580571695
    4.338897647   31.704335118   19.058053980
    4.342431631   31.760146369    9.575076122
    4.345965614   31.771946325   -1.622594568
    4.349499598   31.761415234   -3.053873956
    4.353033581   31.754624473    2.947533126
    4.356567565   31.761514358    3.578867314
    4.360101548   31.776694495    1.982872825
    4.363635532   31.776154367   -4.665689017
    4.367169515   31.762482970   -1.740678709
    4.370703499   31.769057122    5.840508400
    4.374237482   31.802580348   13.730692271
    4.377771466   31.853331937   15.190870653
    4.381305449   31.900686067   11.388270146
    4.384839433   31.924214454    6.521088804
    4.388373416   31.959077545   14.339308464
    4.391907400   32.015228002   15.786656098
    4.395441383   32.066621604   10.235767091
    4.398975367   32.083543094   -1.030544609
    4.402509350   32.078223537   -0.583658292
    4.406043334   32.090217221    8.847771478
    4.409577317   32.154853208   23.761182926
    4.413111301   32.244737010   21.377939844
    4.416645284   32.294183042    4.464748354
    4.420179268   32.274471457  -14.527118079
    4.423713251   32.209604283  -20.094376633
    4.427247234   32.151006104   -9.894125638
    4.430781218   32.138455178    1.197625676
    4.434315201   32.153067080    4.544171473
    4.437849185   32.171096642    5.068991930
    4.441383168   32.181808042    1.215598635
    4.444917152   32.190044523    7.014607337
    4.448451135   32.219829466    9.316303310
    4.451985119   32.249644224    6.891330433
    4.455519102   32.264935303    2.354486900
    4.459053086   32.275186399    3.637752300
    4.462587069   32.290727941    5.439737189
    4.466121053   32.320408332    9.820307113
    4.469655036   32.349740209    7.218584468
    4.473189020   32.360875345   -2.058988504
    4.476723003   32.348155377   -3.873969443
    4.480256987   32.351682058    4.930206959
    4.483790970   32.394920233   18.096339066
    4.487324954   32.470477756   22.916779236
    4.490858937   32.535972138   10.373229083
    4.494392921   32.544634581   -6.960098721
    4.497926904   32.507703800  -10.799100538
    4.501460888   32.477895415   -0.789403072
    4.504994871   32.517611124   21.819042852
    4.508528855   32.620330738   31.676411436
    4.512062838   32.708995500   15.034817705
    4.515596822   32.727032673   -4.335018217
    4.519130805   32.687005383  -17.256999882
    4.522664789   32.637320806   -7.239839802
    4.526198772   32.637876580    5.712738124
    4.529732756   32.662866617    5.928493782
    4.533266739   32.662219188   -6.189712646
    4.536800723   32.626555088  -11.446116756
    4.540334706   32.602746923    1.311015079
    4.543868690   32.638078481   18.443016320
    4.547402673   32.728901317   30.429197368
    4.550936657   32.835030463   26.085778901
    4.554470640   32.902047317    9.936875541
    4.558004624   32.919617047    3.113215934
    4.561538607   32.935299164    7.019814299
    4.565072590   32.973267432   15.435257690
    4.568606574   33.031332741   15.685116110
    4.572140557   33.081022948   13.101689697
    4.575674541   33.127176607   13.972268302
    4.579208524   33.177007979   15.287635023
    4.582742508   33.230537126   15.293719747
    4.586276491   33.284997330   15.232181482
    4.589810475   33.343199258   15.265628869
    4.593344458   33.402384925   16.787407162
    4.596878442   33.464391216   15.935042621
    4.600412425   33.505694018    7.181480145
    4.603946409   33.522267244    2.022866613
    4.607480392   33.524845273    1.484867706
    4.611014376   33.544816820   10.284883880
    4.614548359   33.599719387   17.261663593
    4.618082343   33.664137057   16.288114950
    4.621616326   33.709148280    7.184209636
    4.625150310   33.712227288   -5.091272162
    4.628684293   33.694336543   -1.269887157
    4.632218277   33.712183666   11.184870045
    4.635752260   33.775647220   22.132231825
    4.639286244   33.850760488   18.551120678
    4.642820227   33.899718779    7.443680904
    4.646354211   33.923158491    7.848823987
    4.649888194   33.952454858   11.647872086
    4.653422178   34.006695551   20.188104572
    4.656956161   34.088925440   23.445362594
    4.660490145   34.158803318   13.521517992
    4.664024128   34.184631450   -0.499117869
    4.667558112   34.179305335   -0.495388019
    4.671092095   34.191160221    9.599509197
    4.674626079   34.255449414   23.972221628
    4.678160062   34.344503557   25.748511893
    4.681694046   34.421324593   16.395690759
    4.685228029   34.465604321    7.340886479
    4.688762013   34.493141802    9.938084802
    4.692295996   34.557261052   24.693823053
    4.695829980   34.669412994   35.155827094
    4.699363963   34.784677362   27.456525511
    4.702897946   34.846758902    5.164105624
    4.706431930   34.835492941  -10.899154102
    4.709965913   34.799290490   -5.642687639
    4.713499897   34.813853704   17.429671809
    4.717033880   34.914595724   38.416041617
    4.720567864   35.045446598   33.109542114
    4.724101847   35.126362237   11.673447905
    4.727635831   35.142687587   -2.131045010
    4.731169814   35.147881744    9.117712659
    4.734703798   35.232620150   36.921161611
    4.738237781   35.389414674   49.145819727
    4.741771765   35.530757305   27.461127429
    4.745305748   35.568255114   -6.234717866
    4.748839732   35.511372609  -19.110632192
    4.752373715   35.476850788    1.480788100
    4.755907699   35.545611985   36.013226655
    4.759441682   35.705917675   50.788703477
    4.762975666   35.857540309   32.924771679
    4.766509649   35.927435448    7.874643381
    4.770043633   35.935574358   -1.546207437
    4.773577616   35.947271963   10.933480024
    4.777111600   36.014659818   24.274550470
    4.780645583   36.111021810   27.844806125
    4.784179567   36.194833227   18.861026278
    4.787713550   36.257602626   18.534598425
    4.791247534   36.331547461   24.344529574
    4.794781517   36.436260925   34.902744670
    4.798315501   36.571998787   39.626385174
    4.801849484   36.702306802   33.081792042
    4.805383468   36.802385999   21.598942414
    4.808917451   36.871090018   18.215431922
    4.812451435   36.926190173   13.619206987
    4.815985418   36.985167611   17.771369022
    4.819519402   37.051203564   21.519435389
    4.823053385   37.128692678   20.109272627
    4.826587369   37.211364248   25.659438462
    4.830121352   37.307132405   27.203690767
    4.833655336   37.393859853   23.613501848
    4.837189319   37.468630868   18.691246648
    4.840723303   37.518470282    8.624054919
    4.844257286   37.550773696    9.703416775
    4.847791269   37.594124254   15.356311368
    4.851325253   37.685185315   35.707539944
    4.854859236   37.840354781   51.346467722
    4.858393220   38.043360359   58.019717104
    4.861927203   38.233249122   46.279737942
    4.865461187   38.364271703   26.798836090
    4.868995170   38.423816149   10.368343850
    4.872529154   38.451949386   10.343630477
    4.876063137   38.502720217   20.607758247
    4.879597121   38.598058566   29.805634647
    4.883131104   38.691814424   21.791991588
    4.886665088   38.770710968   21.698832431
    4.890199071   38.862692692   32.840084068
    4.893733055   39.005510320   48.913976276
    4.897267038   39.206742895   61.672361554
    4.900801022   39.420754214   54.654211097
    4.904335005   39.578365540   35.482597596
    4.907868989   39.691929337   26.919030239
    4.911402972   39.794261288   35.086952359
    4.914936956   39.946456464   50.146431286
    4.918470939   40.136599924   54.825852513
    4.922004923   40.315255364   43.051070452
    4.925538906   40.434322518   25.153460036
    4.929072890   40.509657514   19.628829583
    4.932606873   40.594503478   30.754339114
    4.936140857   40.730473907   45.568141681
    4.939674840   40.909218347   56.287661481
    4.943208824   41.112476623   58.432458135
    4.946742807   41.313638251   55.185419364
    4.950276791   41.494022875   45.443085042
    4.953810774   41.647989837   43.069265215
    4.957344758   41.811562592   47.683159921
    4.960878741   41.985618638   50.148249563
    4.964412725   42.167631607   53.444687872
    4.967946708   42.365213155   58.205675436
    4.971480692   42.571369750   55.452173029
    4.975014675   42.758749569   49.651892870
    4.978548659   42.926899377   42.160924998
    4.982082642   43.077539748   44.239944861
    4.985616625   43.237298135   49.501373345
    4.989150609   43.437139436   64.375693949
    4.992684592   43.676395844   71.666857390
    4.996218576   43.922589694   64.601365541
    4.999752559   44.138938051   55.888012023
    5.003286543   44.323412840   48.875150993
    5.006820526   44.510786905   55.669732227
    5.010354510   44.728933710   68.592841914
    5.013888493   44.990241643   77.276619903
    5.017422477   45.251750907   69.507007274
    5.020956460   45.473165469   54.774222580
    5.024490444   45.652676264   49.394579240
    5.028024427   45.837749006   55.109600367
    5.031558411   46.049084112   61.760782537
    5.035092394   46.272009001   61.720116051
    5.038626378   46.478115558   54.578519108
    5.042160361   46.663071063   53.816990070
    5.045694345   46.879733710   69.387673891
    5.049228328   47.162210334   84.611919651
    5.052762312   47.460799293   79.632821491
    5.056296295   47.705028250   58.898675639
    5.059830279   47.873362930   39.846305766
    5.063364262   48.009356743   44.258992282
    5.066898246   48.209808239   70.825260723
    5.070432229   48.516304417   98.263945875
    5.073966213   48.879529187  100.205735865
    5.077500196   49.205588366   77.638672162
    5.081034180   49.428913206   52.900104343
    5.084568163   49.600800520   47.441181340
    5.088102147   49.785393903   61.536575592
    5.091636130   50.023135803   72.998470163
    5.095170114   50.286729445   73.082037978
    5.098704097   50.540586297   65.332726486
    5.102238081   50.763557653   59.934670120
    5.105772064   50.985269355   64.584938917
    5.109306048   51.223893463   69.424491967
    5.112840031   51.467048056   68.030704666
    5.116374015   51.696552125   61.395296405
    5.119907998   51.910315701   61.101748377
    5.123441982   52.131204934   67.773259008
    5.126975965   52.409051250   90.967802208
    5.130509948   52.757990961  102.614249487
    5.134043932   53.112048396   95.102614344
    5.137577915   53.402012092   67.522059848
    5.141111899   53.590230529   42.530023857
    5.144645882   53.740788749   46.518769080
    5.148179866   53.937440060   64.245652874
    5.151713849   54.189732547   78.677058980
    5.155247833   54.467255763   74.413865744
    5.158781816   54.711796429   67.022348052
    5.162315800   54.938348423   66.795218399
    5.165849783   55.201378693   81.509029697
    5.169383767   55.518743155   92.731331122
    5.172917750   55.845742822   87.215099638
    5.176451734   56.114167764   64.260490807
    5.179985717   56.320456876   55.621544283
    5.183519701   56.525710813   62.876608408
    5.187053684   56.791107763   84.828363647
    5.190587668   57.103920079   86.638496638
    5.194121651   57.368573725   61.149714214
    5.197655635   57.544815368   39.529742908
    5.201189618   57.663486039   30.725146455
    5.204723602   57.812294022   56.575528515
    5.208257585   58.068324980   87.183453399
    5.211791569   58.386969105   89.903278402
    5.215325552   58.666960375   65.605342601
    5.218859536   58.840506264   34.964827309
    5.222393519   58.947361339   32.091192215
    5.225927503   59.088748166   50.627520033
    5.229461486   59.316047190   76.775463818
    5.232995470   59.606598504   84.886055728
    5.236529453   59.889482759   72.800304921
    5.240063437   60.117933238   58.676123182
    5.243597420   60.315732973   56.308590630
    5.247131404   60.533928578   69.655547031
    5.250665387   60.808610475   81.719770721
    5.254199371   61.091687865   77.116591554
    5.257733354   61.349581240   66.957373569
    5.261267338   61.559951941   52.168185764
    5.264801321   61.742900845   52.965822350
    5.268335304   61.942534073   57.636036061
    5.271869288   62.147460136   59.117156169
    5.275403271   62.369464625   63.658071369
    5.278937255   62.597653155   67.195173524
    5.282471238   62.846865488   75.934597215
    5.286005222   63.131512097   82.005254343
    5.289539205   63.422638571   78.796344492
    5.293073189   63.671503449   58.776939336
    5.296607172   63.840279574   38.874606291
    5.300141156   63.963357383   33.788059630
    5.303675139   64.104461466   44.636273594
    5.307209123   64.278634858   54.586818011
    5.310743106   64.467128923   47.942597580
    5.314277090   64.612684382   34.857739186
    5.317811073   64.723637952   31.158277052
    5.321345057   64.872839826   55.754565434
    5.324879040   65.142818924   97.049512354
    5.328413024   65.531075937  118.459509091
    5.331947007   65.923120236   96.341395477
    5.335480991   66.191834062   53.518523186
    5.339014974   66.302998700   13.428917547
    5.342548958   66.344295741   17.762827426
    5.346082941   66.466157988   54.779084420
    5.349616925   66.725909139   90.072376558
    5.353150908   67.068331634   99.029670012
    5.356684892   67.385977892   74.836958336
    5.360218875   67.612147958   52.438222312
    5.363752859   67.785828846   48.624502844
    5.367286842   67.986540625   66.473193252
    5.370820826   68.255915781   81.903279087
    5.374354809   68.548391717   78.363998626
    5.377888793   68.791265886   56.740963028
    5.381422776   68.943704468   27.718954752
    5.384956760   69.026844351   24.564901390
    5.388490743   69.126070282   37.257182959
    5.392024727   69.309136082   66.971337554
    5.395558710   69.583684442   86.879778276
    5.399092694   69.906531136   94.719499929
    5.402626677   70.255715508  102.396136412
    5.406160661   70.628203949  106.648651767
    5.409694644   71.003016731  104.092024546
    5.413228627   71.333102263   80.671784541
    5.416762611   71.558004890   46.382994268
    5.420296594   71.660648431   17.002348824
    5.423830578   71.712321529   20.148064311
    5.427364561   71.830386679   49.247241939
    5.430898545   72.077780710   86.243784959
    5.434432528   72.413663183   99.290989573
    5.437966512   72.731617350   75.492118912
    5.441500495   72.933498797   36.657852190
    5.445034479   73.026323651   21.654493304
    5.448568462   73.127680764   40.082261239
    5.452102446   73.348219560   85.874596301
    5.455636429   73.736340034  130.052043855
    5.459170413   74.208656248  130.378704601
    5.462704396   74.597282920   81.922858643
    5.466238380   74.757390703    9.044833283
    5.469772363   74.673003464  -43.613070684
    5.473306347   74.613981486   33.480996671
    5.476840330   75.034222757  212.052256620
    5.480374314   76.058860316  338.516731841
    5.483908297   77.096341839  192.379165152
    5.487442281   77.022683328 -276.021136449
    5.490976264   75.100675091 -771.376492432
    5.494510248   72.249457297 -690.089091387
    5.498044231   71.568365978  517.043351305
    5.501578215   77.293217334 2878.019408590
    5.505112198   92.482166009 5711.587603552
    5.508646182  116.943921539 7947.240736227
    5.512180165  146.957815030 8766.564453594
    5.515714149  177.051670260 8032.450387719
    5.519248132  202.494606186 6254.378321035
    5.522782116  220.944012649 4198.108081566
    5.526316099  232.540274552 2447.662299498
    5.529850083  238.900119709 1247.385695675
    5.533384066  241.957836626  555.500285253
    5.536918050  243.232202100  206.500083231
    5.540452033  243.633968122   46.317459973
    5.543986017  243.704116087    4.769139981
    5.547520000  243.709445197    0.082189239
