#! FIELDS D0 file.free der_D0
#! SET min_D0 0.197069
#! SET max_D0 5.54752
#! SET nbins_D0  1515
#! SET periodic_D0 false
    0.197069000  243.711936551   -0.198107848
    0.200602983  243.698537264  -10.354804182
    0.204136967  243.602890020  -51.340429905
    0.207670950  243.252958190 -163.262166659
    0.211204934  242.296668840 -406.852683142
    0.214738917  240.098717595 -883.009239320
    0.218272901  235.679050823 -1675.918358194
    0.221806884  227.845149501 -2812.407155176
    0.225340868  215.523008385 -4182.060587977
    0.228874851  198.319852504 -5519.394547547
    0.232408835  176.968575688 -6469.841168742
    0.235942818  153.382688040 -6752.101875099
    0.239476802  130.113744651 -6304.509254500
    0.243010785  109.444686286 -5331.922430397
    0.246544769   92.623590222 -4194.598163094
    0.250078752   79.595851704 -3227.316930278
    0.253612736   69.416247694 -2590.822377498
    0.257146719   60.929481565 -2250.695996297
    0.260680703   53.343098622 -2052.040542512
    0.264214686   46.419042503 -1856.660602514
    0.267748670   40.301201287 -1596.421466316
    0.271282653   35.169815891 -1307.083987346
    0.274816637   31.030173555 -1045.949936660
    0.278350620   27.682093220 -860.892136428
    0.281884604   24.864344801 -742.151040215
    0.285418587   22.387193495 -661.159061673
    0.288952571   20.189359835 -579.841192209
    0.292486554   18.290350095 -497.027388254
    0.296020538   16.677751062 -417.495643773
    0.299554521   15.304518976 -365.944720403
    0.303088505   14.066139391 -337.885833846
    0.306622488   12.870381937 -337.905838946
    0.310156472   11.657164263 -348.872809482
    0.313690455   10.401937863 -357.497512756
    0.317224439    9.137375066 -358.712178112
    0.320758422    7.896059528 -342.074907368
    0.324292406    6.736706851 -312.209574433
    0.327826389    5.690103484 -282.117677494
    0.331360373    4.740361767 -253.146213046
    0.334894356    3.896240121 -221.148872117
    0.338428339    3.186150018 -178.222507891
    0.341962323    2.644742653 -126.909974514
    0.345496306    2.283963480  -81.253274787
    0.349030290    2.021228913  -69.700171509
    0.352564273    1.775822621  -70.365129686
    0.356098257    1.521552664  -72.022249238
    0.359632240    1.279553682  -61.125105355
    0.363166224    1.088913095  -49.944406891
    0.366700207    0.917783978  -51.150547864
    0.370234191    0.703074835  -72.808994464
    0.373768174    0.421815668  -83.041259848
    0.377302158    0.149002054  -65.815201495
    0.380836141    0.000000000  -14.942025336
    0.384370125    0.056568324   49.601417417
    0.387904108    0.322299512   97.781436906
    0.391438092    0.723633562  127.977490981
    0.394972075    1.214520764  147.636010050
    0.398506059    1.771273178  168.645992058
    0.402040042    2.413824546  196.814474918
    0.405574026    3.146808607  216.060100622
    0.409108009    3.915098264  216.741016001
    0.412641993    4.659540505  203.291138393
    0.416175976    5.333093569  176.694640926
    0.419709960    5.886691120  138.364735048
    0.423243943    6.317386746  105.915768992
    0.426777927    6.646584309   81.926395426
    0.430311910    6.907476512   68.363834139
    0.433845894    7.131490277   55.982197221
    0.437379877    7.295309997   32.278508701
    0.440913861    7.377343100   13.452937570
    0.444447844    7.396383312   -1.859452023
    0.447981828    7.368180126  -12.369027175
    0.451515811    7.319435713  -15.672433489
    0.455049795    7.252486779  -19.132314419
    0.458583778    7.174705930  -24.153793858
    0.462117762    7.073279387  -33.012438179
    0.465651745    6.933721608  -46.213669196
    0.469185729    6.770604804  -44.195141285
    0.472719712    6.617218122  -40.459302409
    0.476253696    6.491438707  -31.572222179
    0.479787679    6.395830710  -22.868512603
    0.483321662    6.333396864  -11.388404657
    0.486855646    6.304857162   -3.595802947
    0.490389629    6.304351818    3.269360258
    0.493923613    6.343730761   19.887370491
    0.497457596    6.454409020   42.066240684
    0.500991580    6.636416028   58.868412804
    0.504525563    6.861591044   64.770110394
    0.508059547    7.080691369   56.759110926
    0.511593530    7.267504628   47.722326740
    0.515127514    7.424378096   41.035950152
    0.518661497    7.576644878   49.564086072
    0.522195481    7.769993867   60.964697827
    0.525729464    8.007523549   73.468647134
    0.529263448    8.272993405   75.782471670
    0.532797431    8.520616233   64.140233746
    0.536331415    8.712956778   47.447943205
    0.539865398    8.866953924   41.457766388
    0.543399382    9.013387127   42.583412276
    0.546933365    9.175018916   50.067011039
    0.550467349    9.359029715   53.378412991
    0.554001332    9.545969944   52.706909575
    0.557535316    9.719901199   45.429444672
    0.561069299    9.881549245   45.713089148
    0.564603283   10.057844705   55.236873311
    0.568137266   10.270475629   65.835825337
    0.571671250   10.506931275   65.236911291
    0.575205233   10.733566125   62.291934586
    0.578739217   10.943248842   54.135987067
    0.582273200   11.117115343   45.053962001
    0.585807184   11.276646577   45.578201168
    0.589341167   11.447070164   50.751089899
    0.592875151   11.631425344   54.601841835
    0.596409134   11.820912663   51.786864961
    0.599943118   11.983800131   39.664249891
    0.603477101   12.098560936   24.989639197
    0.607011085   12.161225631   15.466546348
    0.610545068   12.216500365   16.463433131
    0.614079052   12.278824175   18.625011814
    0.617613035   12.345038158   20.654152009
    0.621147018   12.412215799   15.688326679
    0.624681002   12.452671798    7.105939477
    0.628214985   12.467312684    0.401442465
    0.631748969   12.471648266    3.040032590
    0.635282952   12.508835958   17.102538250
    0.638816936   12.594358010   33.007457183
    0.642350919   12.711499758   32.873431551
    0.645884903   12.817084669   26.746752343
    0.649418886   12.887184073    7.330000441
    0.652952870   12.876978692  -14.453382099
    0.656486853   12.812274304  -21.901347858
    0.660020837   12.739025120  -16.659623790
    0.663554820   12.714267646    2.451217471
    0.667088804   12.744483990   12.643020976
    0.670622787   12.781144818    4.821167549
    0.674156771   12.781345850   -7.167816269
    0.677690754   12.746339179   -9.672627882
    0.681224738   12.725736017   -1.315992176
    0.684758721   12.748732257   14.258514927
    0.688292705   12.811163812   19.383676243
    0.691826688   12.866218974    9.264192141
    0.695360672   12.868742730   -7.310986623
    0.698894655   12.821335636  -15.821329536
    0.702428639   12.769746670   -9.915166857
    0.705962622   12.762393455    2.648808801
    0.709496606   12.793180080   12.663831707
    0.713030589   12.826830847    6.711186421
    0.716564573   12.836078252    1.151107316
    0.720098556   12.835900395   -6.454823170
    0.723632540   12.809061033   -9.494366660
    0.727166523   12.778072448  -11.415419378
    0.730700507   12.733007117  -12.621357456
    0.734234490   12.688596458  -10.395179347
    0.737768474   12.659991171   -6.517585122
    0.741302457   12.637425408   -7.868992002
    0.744836441   12.588980586  -20.776247203
    0.748370424   12.485815290  -37.480832635
    0.751904408   12.330394578  -46.506676412
    0.755438391   12.163589103  -45.656216857
    0.758972375   12.016511644  -38.174466075
    0.762506358   11.889423044  -35.796952205
    0.766040341   11.753108178  -42.927114261
    0.769574325   11.575702947  -55.068773424
    0.773108308   11.361067733  -64.700134693
    0.776642292   11.126230838  -68.845593633
    0.780176275   10.879886700  -69.420405927
    0.783710259   10.636660517  -66.728755324
    0.787244242   10.409964295  -62.766707321
    0.790778226   10.191588619  -65.236211530
    0.794312209    9.953466954  -70.515518696
    0.797846193    9.691373793  -80.861444931
    0.801380176    9.388085895  -90.957162570
    0.804914160    9.061062138  -90.428490004
    0.808448143    8.757420699  -79.226425456
    0.811982127    8.506806707  -63.108539657
    0.815516110    8.301315837  -52.281916134
    0.819050094    8.117231341  -55.587960877
    0.822584077    7.908006826  -61.898556620
    0.826118061    7.674462479  -68.667228201
    0.829652044    7.435250363  -66.536217521
    0.833186028    7.213089003  -59.797353390
    0.836720011    7.020036040  -50.207220768
    0.840253995    6.842195850  -50.649061681
    0.843787978    6.664226803  -51.871357730
    0.847321962    6.476720548  -53.203001510
    0.850855945    6.293965508  -50.344397718
    0.854389929    6.128856987  -41.562490546
    0.857923912    5.986647993  -39.347916083
    0.861457896    5.853133710  -38.353903870
    0.864991879    5.716348881  -37.813172780
    0.868525863    5.592323414  -34.396998499
    0.872059846    5.473610221  -33.325618900
    0.875593830    5.359702352  -32.498144561
    0.879127813    5.240273785  -37.091147542
    0.882661797    5.099354511  -43.840929665
    0.886195780    4.937236791  -44.934638755
    0.889729764    4.790453952  -37.981261737
    0.893263747    4.681574880  -23.060830112
    0.896797731    4.610475263  -18.605183752
    0.900331714    4.531163023  -25.458052132
    0.903865697    4.430390817  -33.327719269
    0.907399681    4.309908308  -33.477412026
    0.910933664    4.202786740  -24.230120190
    0.914467648    4.141339360  -13.099931783
    0.918001631    4.101098954   -9.937481865
    0.921535615    4.056351442  -16.018660079
    0.925069598    3.998399132  -16.402477354
    0.928603582    3.938937181  -16.840010404
    0.932137565    3.884876197  -14.868264558
    0.935671549    3.830464770  -13.444107482
    0.939205532    3.793486920   -9.382698780
    0.942739516    3.758672090   -9.845715923
    0.946273499    3.737670313   -2.696580523
    0.949807483    3.741123690    1.914827242
    0.953341466    3.757898971    4.698113307
    0.956875450    3.769356256    3.508833376
    0.960409433    3.774726121    1.398600947
    0.963943417    3.769967710   -1.302593750
    0.967477400    3.772880398    3.415195779
    0.971011384    3.788688011    9.324042626
    0.974545367    3.830370519   12.271888469
    0.978079351    3.884161928   18.018284709
    0.981613334    3.949976208   20.875350556
    0.985147318    4.021194787   19.472215086
    0.988681301    4.094128569   21.711385099
    0.992215285    4.172114029   24.410454931
    0.995749268    4.263421288   28.477099891
    0.999283252    4.367678087   28.101697658
    1.002817235    4.455719852   21.910070033
    1.006351219    4.516987189   13.020218307
    1.009885202    4.558301682   10.246106725
    1.013419186    4.606407671   19.611079491
    1.016953169    4.703450623   34.974070099
    1.020487153    4.844573420   41.268524828
    1.024021136    4.979665215   33.205003201
    1.027555120    5.074375931   22.553115202
    1.031089103    5.151587631   24.250373332
    1.034623087    5.253082018   36.986374051
    1.038157070    5.406676797   46.702606035
    1.041691054    5.562843576   41.788517491
    1.045225037    5.680039279   26.330035337
    1.048759020    5.749884098   14.977446387
    1.052293004    5.809908099   22.899766330
    1.055826987    5.919145271   39.085725103
    1.059360971    6.078254658   47.415336382
    1.062894954    6.227185685   37.161475014
    1.066428938    6.338444815   26.892641060
    1.069962921    6.423240428   22.374446282
    1.073496905    6.517590681   33.161122442
    1.077030888    6.653148979   41.230073515
    1.080564872    6.799163149   36.722753497
    1.084098855    6.905462112   22.110584854
    1.087632839    6.958710404   11.665678215
    1.091166822    7.005813375   17.379620641
    1.094700806    7.089339009   29.358890929
    1.098234789    7.206202701   34.541437722
    1.101768773    7.321576617   28.385854178
    1.105302756    7.398195169   16.384928455
    1.108836740    7.445668428   11.093363149
    1.112370723    7.490404512   16.462307046
    1.115904707    7.562556963   25.509696116
    1.119438690    7.648405260   22.295225063
    1.122972674    7.710786124   13.400982506
    1.126506657    7.738110955    4.050035759
    1.130040641    7.762052392   10.576489881
    1.133574624    7.821074075   23.277913679
    1.137108608    7.919654380   29.055335550
    1.140642591    8.015489785   21.782162144
    1.144176575    8.080800803   12.742915684
    1.147710558    8.121888714   10.719610283
    1.151244542    8.160488993   14.119270576
    1.154778525    8.231230523   24.980535303
    1.158312509    8.323628289   24.962656196
    1.161846492    8.389853640   10.334161184
    1.165380476    8.398814001   -6.636202079
    1.168914459    8.367721072   -8.216532233
    1.172448443    8.359238489    2.491810164
    1.175982426    8.388748986   12.237700330
    1.179516410    8.425799675    5.666368894
    1.183050393    8.417652496  -12.779510932
    1.186584376    8.339646834  -28.959137525
    1.190118360    8.210994338  -41.262846226
    1.193652343    8.057423846  -42.984568134
    1.197186327    7.906747805  -39.017556405
    1.200720310    7.778117273  -35.628600160
    1.204254294    7.650433849  -39.872136832
    1.207788277    7.494656120  -48.596270656
    1.211322261    7.308036867  -56.611065840
    1.214856244    7.102746740  -60.735758440
    1.218390228    6.899465520  -54.203893278
    1.221924211    6.722740789  -42.961667303
    1.225458195    6.592351602  -34.887789761
    1.228992178    6.462881261  -39.986910556
    1.232526162    6.299229223  -54.109169542
    1.236060145    6.086789558  -67.269257843
    1.239594129    5.843916150  -66.748862940
    1.243128112    5.625253373  -58.167134278
    1.246662096    5.449280368  -44.546514475
    1.250196079    5.302614743  -38.997833872
    1.253730063    5.161641111  -41.590636236
    1.257264046    5.010538958  -43.018979770
    1.260798030    4.851053083  -45.129106194
    1.264332013    4.698953324  -40.728291570
    1.267865997    4.569138789  -32.316744487
    1.271399980    4.451108307  -34.136604630
    1.274933964    4.326725653  -36.637580699
    1.278467947    4.203843862  -31.872963433
    1.282001931    4.103857407  -25.666888136
    1.285535914    4.037336045  -11.048336164
    1.289069898    4.014772747   -4.093561745
    1.292603881    3.999620545   -5.751123180
    1.296137865    3.960651133  -17.746189709
    1.299671848    3.884257689  -24.126621656
    1.303205832    3.812105194  -15.592569706
    1.306739815    3.777270600   -3.172578435
    1.310273799    3.791263821    9.826898460
    1.313807782    3.830423690   10.241435433
    1.317341766    3.868523459    9.240973583
    1.320875749    3.909401919   16.907738826
    1.324409732    3.991906768   29.407392508
    1.327943716    4.109790555   37.650196886
    1.331477699    4.240170726   36.040331727
    1.335011683    4.353602468   28.455010211
    1.338545666    4.446576987   26.625289130
    1.342079650    4.561344235   40.273534437
    1.345613633    4.734189070   59.137081421
    1.349147617    4.970411875   72.447986324
    1.352681600    5.218212936   64.461016248
    1.356215584    5.421877716   49.759640261
    1.359749567    5.564157853   32.290669488
    1.363283551    5.673771711   32.768875917
    1.366817534    5.820340199   51.653267257
    1.370351518    6.039034752   69.923007651
    1.373885501    6.303325189   74.595289769
    1.377419485    6.546951694   61.589861322
    1.380953468    6.737490013   45.615589236
    1.384487452    6.886317574   38.832924891
    1.388021435    7.027830056   41.046065163
    1.391555419    7.172278244   41.394763431
    1.395089402    7.304048393   31.211652248
    1.398623386    7.388589401   16.737933594
    1.402157369    7.425372584    4.473849565
    1.405691353    7.431839725    0.548707506
    1.409225336    7.440534378    5.908967982
    1.412759320    7.473507369    9.553172878
    1.416293303    7.495786631    2.183145024
    1.419827287    7.481239252  -11.812253485
    1.423361270    7.403351861  -27.563862647
    1.426895254    7.300894601  -27.559566465
    1.430429237    7.219939982  -18.090817197
    1.433963221    7.170449293   -9.398437157
    1.437497204    7.143207749   -8.288882416
    1.441031188    7.103638531  -15.050307908
    1.444565171    7.031051084  -25.804816275
    1.448099155    6.923364707  -33.914799245
    1.451633138    6.815144048  -25.960804509
    1.455167122    6.754806907   -7.617647728
    1.458701105    6.757585651    8.801324407
    1.462235089    6.791855462   10.682168952
    1.465769072    6.826458018    6.934424878
    1.469303055    6.831700146   -2.030525430
    1.472837039    6.817193077   -5.395056513
    1.476371022    6.799105266   -3.878238310
    1.479905006    6.794164773    3.031348427
    1.483438989    6.806148852    5.309345683
    1.486972973    6.827516860    4.900355741
    1.490506956    6.841165858    1.774954478
    1.494040940    6.841109366    3.206572834
    1.497574923    6.866200756   11.827928419
    1.501108907    6.916747868   18.688511912
    1.504642890    7.000755925   30.785460926
    1.508176874    7.125932135   38.554895539
    1.511710857    7.272762500   43.435984501
    1.515244841    7.425391720   41.868691666
    1.518778824    7.566022725   35.345936214
    1.522312808    7.683506989   32.273100831
    1.525846791    7.792484056   32.941049312
    1.529380775    7.932930269   46.830478752
    1.532914758    8.121388853   59.837218128
    1.536448742    8.351762401   67.739299550
    1.539982725    8.586928954   66.170770809
    1.543516709    8.821887217   65.797210347
    1.547050692    9.061303768   71.693283063
    1.550584676    9.328468398   83.102435602
    1.554118659    9.637199870   93.649291212
    1.557652643    9.982885947   98.300748960
    1.561186626   10.320905078   93.239052009
    1.564720610   10.634421560   85.390125293
    1.568254593   10.926102872   81.266821100
    1.571788577   11.221055045   89.458320290
    1.575322560   11.556735054   99.994327481
    1.578856544   11.920671998  101.993226730
    1.582390527   12.273542871   95.506934448
    1.585924511   12.598848949   88.438270532
    1.589458494   12.913527606   90.156775333
    1.592992478   13.247246538   99.670979407
    1.596526461   13.603722378  102.978300515
    1.600060445   13.963807893   94.116451972
    1.603594428   14.269556004   79.862797011
    1.607128411   14.542104693   75.514257105
    1.610662395   14.820390163   85.626552374
    1.614196378   15.137652731   91.123835220
    1.617730362   15.452974022   83.068359269
    1.621264345   15.705796863   59.699195811
    1.624798329   15.869716776   34.348942849
    1.628332312   15.967098264   24.853013978
    1.631866296   16.062759991   30.384723471
    1.635400279   16.176694458   31.569140083
    1.638934263   16.275630159   22.936641223
    1.642468246   16.336694548   13.815270557
    1.646002230   16.375408530    9.465425435
    1.649536213   16.416949679   13.933656595
    1.653070197   16.470140209   15.908450083
    1.656604180   16.523085081   11.997773599
    1.660138164   16.555983519    7.671149669
    1.663672147   16.572784323    4.688869222
    1.667206131   16.591477194    5.762756342
    1.670740114   16.618132081    5.936415277
    1.674274098   16.620693227   -5.283744689
    1.677808081   16.573995713  -18.623376021
    1.681342065   16.494759059  -25.409633256
    1.684876048   16.400445658  -26.718916260
    1.688410032   16.328855849  -14.199882968
    1.691944015   16.298372950   -3.195903051
    1.695477999   16.302313933    1.866976436
    1.699011982   16.299830947   -4.282801177
    1.702545966   16.272155776  -13.156487041
    1.706079949   16.215728618  -17.962109432
    1.709613933   16.165195396  -10.574601160
    1.713147916   16.145894638   -0.274926032
    1.716681900   16.130705294   -8.214217547
    1.720215883   16.077231319  -23.300853612
    1.723749867   15.971682567  -35.608712247
    1.727283850   15.845837294  -34.608651208
    1.730817834   15.736077001  -26.761118465
    1.734351817   15.650024369  -24.326431364
    1.737885801   15.553373777  -32.718844407
    1.741419784   15.420590548  -42.981979712
    1.744953768   15.258077747  -44.048707352
    1.748487751   15.126241935  -27.513477491
    1.752021734   15.048991239  -19.546660127
    1.755555718   14.985184557  -20.267123212
    1.759089701   14.899828732  -30.607648311
    1.762623685   14.765478079  -42.869458249
    1.766157668   14.603738187  -48.363217947
    1.769691652   14.437438129  -45.019062875
    1.773225635   14.287677576  -42.077046387
    1.776759619   14.144958314  -38.677478598
    1.780293602   14.022041054  -30.058709798
    1.783827586   13.932426728  -21.011176067
    1.787361569   13.864144317  -16.508124523
    1.790895553   13.795353452  -24.708681582
    1.794429536   13.689872472  -35.866831204
    1.797963520   13.559355684  -36.031560907
    1.801497503   13.435930805  -30.115714738
    1.805031487   13.348523598  -22.048199425
    1.808565470   13.274973049  -21.003110230
    1.812099454   13.171411167  -38.161350590
    1.815633437   13.013802314  -47.309725545
    1.819167421   12.845862755  -42.097998099
    1.822701404   12.723719055  -25.399159090
    1.826235388   12.671508856   -6.963630732
    1.829769371   12.651227732   -7.560581848
    1.833303355   12.595683941  -23.171749502
    1.836837338   12.487087643  -37.084799485
    1.840371322   12.353924924  -37.930065114
    1.843905305   12.234664495  -26.541058521
    1.847439289   12.172678672   -9.233660268
    1.850973272   12.153713624   -5.899633215
    1.854507256   12.115747154  -14.944958346
    1.858041239   12.048808884  -22.227903777
    1.861575223   11.980216885  -14.975387008
    1.865109206   11.948685880   -3.443287813
    1.868643190   11.945452509    2.664085938
    1.872177173   11.944972358   -4.115982676
    1.875711157   11.914127613  -14.673671012
    1.879245140   11.851848528  -17.607615166
    1.882779124   11.796194454  -10.303955963
    1.886313107   11.780998845    2.803248004
    1.889847090   11.802804990    7.269949026
    1.893381074   11.805119283   -5.343976713
    1.896915057   11.774831519  -11.291460576
    1.900449041   11.733444244  -11.010645279
    1.903983024   11.698422071   -6.098500724
    1.907517008   11.694204424    2.530374143
    1.911050991   11.694781266   -0.290818750
    1.914584975   11.697081093    3.215085531
    1.918118958   11.718964883   10.172334627
    1.921652942   11.761160377   14.662959693
    1.925186925   11.820044431   16.759205041
    1.928720909   11.864099602    5.727147122
    1.932254892   11.866999395   -4.186252370
    1.935788876   11.845402980   -5.010949039
    1.939322859   11.853297752   10.852789314
    1.942856843   11.917184477   23.558969093
    1.946390826   11.998045389   17.938855161
    1.949924810   12.035450746    2.590361539
    1.953458793   12.018480362   -9.745960396
    1.956992777   11.989657992   -2.464750682
    1.960526760   12.016148838   16.713001861
    1.964060744   12.098346421   29.382568277
    1.967594727   12.214425173   32.060534472
    1.971128711   12.307154389   18.587658568
    1.974662694   12.347993639    5.598035330
    1.978196678   12.362908631    4.060391740
    1.981730661   12.377013322    8.653972078
    1.985264645   12.421718357   16.639562678
    1.988798628   12.492465107   23.857838344
    1.992332612   12.576730681   24.742611735
    1.995866595   12.650306835   18.146696577
    1.999400579   12.714264471   16.949381242
    2.002934562   12.781696748   20.954369518
    2.006468546   12.862961420   24.755914983
    2.010002529   12.956728650   25.906791645
    2.013536513   13.041075841   22.016425585
    2.017070496   13.106788802   14.146738997
    2.020604480   13.149872942   10.800221759
    2.024138463   13.181966049    8.870164646
    2.027672446   13.224138372   14.868208619
    2.031206430   13.272572076   13.593721467
    2.034740413   13.330514953   18.990750238
    2.038274397   13.410650445   23.975198584
    2.041808380   13.499576429   26.298305609
    2.045342364   13.583363287   19.283183080
    2.048876347   13.631199559   10.298824772
    2.052410331   13.657054331    6.155120342
    2.055944314   13.682783561   10.522424981
    2.059478298   13.738350564   22.755117112
    2.063012281   13.815115549   19.302917258
    2.066546265   13.866531455   11.422551529
    2.070080248   13.892251958    3.625249904
    2.073614232   13.912155798    8.392640433
    2.077148215   13.957110688   18.059060010
    2.080682199   14.037849849   27.288618637
    2.084216182   14.139449635   29.276333931
    2.087750166   14.227717106   19.295624523
    2.091284149   14.283985677   13.495223627
    2.094818133   14.333923422   15.511865985
    2.098352116   14.404672859   23.358289123
    2.101886100   14.484671641   23.783556444
    2.105420083   14.569360233   20.288317695
    2.108954067   14.630143829   12.210900956
    2.112488050   14.666588003    8.433525592
    2.116022034   14.690403095    1.274018720
    2.119556017   14.691285451   -0.887872045
    2.123090001   14.695606230    1.698698906
    2.126623984   14.708883574    4.839663511
    2.130157968   14.730175344    7.697196175
    2.133691951   14.747061908    4.049320116
    2.137225935   14.761234266    5.990880978
    2.140759918   14.786044684    8.112286198
    2.144293902   14.830169567   15.014310453
    2.147827885   14.884103899   12.398154455
    2.151361869   14.927909955   13.184768933
    2.154895852   14.973409444   11.645721623
    2.158429836   15.000623772    2.652794262
    2.161963819   15.004407922   -1.598637202
    2.165497803   15.003683967   -1.068262182
    2.169031786   15.015181355    6.570268755
    2.172565769   15.054739526   14.859359525
    2.176099753   15.119278854   19.797761345
    2.179633736   15.192312571   20.676199564
    2.183167720   15.265207837   20.939978708
    2.186701703   15.342494199   21.359910663
    2.190235687   15.432849457   27.772072091
    2.193769670   15.549994326   34.241103142
    2.197303654   15.669328545   29.472509153
    2.200837637   15.762831362   23.289644591
    2.204371621   15.838176558   20.507272206
    2.207905604   15.905054687   17.296191054
    2.211439588   15.974288388   21.311382259
    2.214973571   16.048048290   19.610039093
    2.218507555   16.114595322   16.644811538
    2.222041538   16.177572888   17.199491382
    2.225575522   16.240539310   19.792121332
    2.229109505   16.310559909   19.706212737
    2.232643489   16.401378599   29.393980745
    2.236177472   16.519805987   36.078966430
    2.239711456   16.652759950   37.000727381
    2.243245439   16.767977654   26.610284002
    2.246779423   16.847604510   19.177174931
    2.250313406   16.901351321   12.965942070
    2.253847390   16.958990831   19.603597485
    2.257381373   17.039000445   27.146073859
    2.260915357   17.130103280   25.662154001
    2.264449340   17.206016462   17.107716175
    2.267983324   17.251698135   11.858384710
    2.271517307   17.309425290   22.022774630
    2.275051291   17.417006151   37.607367145
    2.278585274   17.571805696   46.410374181
    2.282119258   17.725617766   36.567440852
    2.285653241   17.811517578   12.183380287
    2.289187225   17.828995803   -1.317722470
    2.292721208   17.822167116   -1.770091140
    2.296255192   17.844156386   13.739689123
    2.299789175   17.912748876   24.007133613
    2.303323159   18.013315452   28.559437529
    2.306857142   18.111859558   25.990983042
    2.310391125   18.188146124   19.399732766
    2.313925109   18.247771045   15.083514232
    2.317459092   18.287330074    7.641465465
    2.320993076   18.308652525    3.656589881
    2.324527059   18.327579676    7.924344178
    2.328061043   18.358491417    9.729568547
    2.331595026   18.402994267   15.815239131
    2.335129010   18.459893409   15.902389760
    2.338662993   18.512221767   17.078809448
    2.342196977   18.574732803   17.718463639
    2.345730960   18.645262576   20.262000695
    2.349264944   18.722315185   21.674572523
    2.352798927   18.793668219   19.592913422
    2.356332911   18.860565103   16.881820194
    2.359866894   18.902554709    7.551878667
    2.363400878   18.920907521    2.187845826
    2.366934861   18.933643246    2.361283305
    2.370468845   18.959256791   10.787795351
    2.374002828   19.016034852   16.389702025
    2.377536812   19.072453051   12.336498267
    2.381070795   19.098048550    1.865901192
    2.384604779   19.088823194   -5.355488189
    2.388138762   19.069864786   -1.498092625
    2.391672746   19.093794614   15.170785421
    2.395206729   19.171334639   25.614399169
    2.398740713   19.247533738   13.584701327
    2.402274696   19.270418232   -4.374527104
    2.405808680   19.222737316  -20.405232774
    2.409342663   19.157514450  -12.448505875
    2.412876647   19.141462366    3.357205044
    2.416410630   19.170927369    6.496634730
    2.419944614   19.167312871  -10.527263700
    2.423478597   19.102493346  -24.505281177
    2.427012581   19.014258171  -23.235593022
    2.430546564   18.957329249   -5.659061820
    2.434080548   18.973307357    8.185231498
    2.437614531   18.999288406    0.972900170
    2.441148515   18.971249230  -18.618137722
    2.444682498   18.881368109  -31.042805160
    2.448216482   18.778541390  -24.387214598
    2.451750465   18.730736371   -2.995467990
    2.455284448   18.743974239    9.003318092
    2.458818432   18.772613094    4.228233792
    2.462352415   18.760841862  -10.976535924
    2.465886399   18.707906098  -17.500657673
    2.469420382   18.641623032  -18.760120527
    2.472954366   18.591489503  -11.336898069
    2.476488349   18.549494297  -12.538911655
    2.480022333   18.502312771  -13.762110058
    2.483556316   18.438721428  -19.043276733
    2.487090300   18.375540387  -18.610431630
    2.490624283   18.326507360   -8.481837126
    2.494158267   18.322538722    3.762842781
    2.497692250   18.352518268    9.491684382
    2.501226234   18.386288953    7.015093804
    2.504760217   18.401332524   -0.461802450
    2.508294201   18.388939202   -5.350809228
    2.511828184   18.375137147   -0.573695449
    2.515362168   18.393860939   10.478332514
    2.518896151   18.446482505   18.933720507
    2.522430135   18.515112701   17.874600426
    2.525964118   18.557944722    9.449256689
    2.529498102   18.585335398    6.063678838
    2.533032085   18.610441965    9.067855180
    2.536566069   18.668398740   21.923878110
    2.540100052   18.752480305   26.025362482
    2.543634036   18.835702394   20.351277062
    2.547168019   18.884829529   11.575206291
    2.550702003   18.934317427   17.436753040
    2.554235986   19.012097217   29.468624143
    2.557769970   19.146636725   45.522609665
    2.561303953   19.316548809   46.980907626
    2.564837937   19.469062280   36.265459688
    2.568371920   19.566863131   19.245059549
    2.571905904   19.622380005   14.416110659
    2.575439887   19.690060008   26.334651937
    2.578973871   19.796722007   34.192508167
    2.582507854   19.917125676   31.631593047
    2.586041838   20.005549423   15.575028482
    2.589575821   20.037295033    4.671295529
    2.593109804   20.052386889    8.367127064
    2.596643788   20.105640830   24.789854763
    2.600177771   20.213160289   35.592899453
    2.603711755   20.331199869   29.370388118
    2.607245738   20.416801725   17.301774037
    2.610779722   20.454902876    5.765413189
    2.614313705   20.472068736    6.645080455
    2.617847689   20.506508987   16.986001231
    2.621381672   20.594620365   29.965056747
    2.624915656   20.699278258   25.499755554
    2.628449639   20.770521108   10.826379721
    2.631983623   20.769016444  -11.214716855
    2.635517606   20.714210238  -19.442779057
    2.639051590   20.644418952  -16.153625386
    2.642585573   20.611352797   -1.012471562
    2.646119557   20.635551910   12.335299171
    2.649653540   20.683482777   12.367966948
    2.653187524   20.718019347    7.533483846
    2.656721507   20.722639394   -2.489712096
    2.660255491   20.709920603   -3.573639590
    2.663789474   20.709666559    4.577157814
    2.667323458   20.737036459   10.775715565
    2.670857441   20.777011443    9.304986203
    2.674391425   20.784827702   -2.685618618
    2.677925408   20.761090520  -10.680958976
    2.681459392   20.719500164  -12.042429524
    2.684993375   20.696013415   -3.708276980
    2.688527359   20.690665348    1.358496561
    2.692061342   20.702419294    0.559203157
    2.695595326   20.700134684   -1.785170864
    2.699129309   20.697418125   -1.649187638
    2.702663293   20.696085978    0.602819361
    2.706197276   20.708949175    6.042662209
    2.709731260   20.739232571   11.512053171
    2.713265243   20.780457487   12.032852370
    2.716799227   20.810559933    3.853597506
    2.720333210   20.818271072   -0.064619194
    2.723867194   20.817870385   -0.588204298
    2.727401177   20.813669675    2.182138985
    2.730935161   20.830462302    5.950494079
    2.734469144   20.856410055    7.020457378
    2.738003127   20.869593739   -0.132924770
    2.741537111   20.857481885   -6.329290144
    2.745071094   20.842874818    0.662914583
    2.748605078   20.861734378   11.580374241
    2.752139061   20.917027860   20.145626961
    2.755673045   20.999576107   22.456021824
    2.759207028   21.058546768    9.222847138
    2.762741012   21.066572599   -5.670687992
    2.766274995   21.054594955   -0.725980068
    2.769808979   21.071701490   10.930892807
    2.773342962   21.136466278   25.287512928
    2.776876946   21.225418256   22.494033707
    2.780410929   21.275242599    5.763710527
    2.783944913   21.261557163  -11.432777210
    2.787478896   21.208349260  -15.723951845
    2.791012880   21.177059469   -3.045125146
    2.794546863   21.191509451    8.120608971
    2.798080847   21.218868597    7.642487037
    2.801614830   21.230837560   -1.107480864
    2.805148814   21.213291738   -4.636828210
    2.808682797   21.210848245    5.339791786
    2.812216781   21.269351589   25.174685632
    2.815750764   21.372886597   28.280890364
    2.819284748   21.441667793    9.862494348
    2.822818731   21.423266010  -17.446416634
    2.826352715   21.344872502  -22.981627067
    2.829886698   21.273289799  -11.584760982
    2.833420682   21.273666136   12.253644885
    2.836954665   21.352518426   27.199043299
    2.840488649   21.451368267   23.767146892
    2.844022632   21.522614270   16.875796268
    2.847556616   21.571987254   12.062391273
    2.851090599   21.623244487   16.450038465
    2.854624583   21.684205394   15.173694966
    2.858158566   21.724927994    8.286937315
    2.861692550   21.745259739    3.274477446
    2.865226533   21.761703033    5.671948346
    2.868760517   21.797200535   15.188649395
    2.872294500   21.866088680   21.269514221
    2.875828483   21.929520414   15.469518370
    2.879362467   21.965951262    7.188018326
    2.882896450   21.987767628    5.618860498
    2.886430434   22.020391531   11.998456746
    2.889964417   22.086198483   25.896012866
    2.893498401   22.185216064   28.446189301
    2.897032384   22.284808091   27.217014266
    2.900566368   22.370797200   22.911809656
    2.904100351   22.442493319   19.270905366
    2.907634335   22.499641472   11.813576314
    2.911168318   22.530216118    3.104039601
    2.914702302   22.539865294    2.797716544
    2.918236285   22.560242098    8.136605770
    2.921770269   22.603352653   14.586508782
    2.925304252   22.659719533   13.694001555
    2.928838236   22.702011949    8.770335763
    2.932372219   22.718532285    0.938810753
    2.935906203   22.730824198    6.679154413
    2.939440186   22.778854197   19.199499190
    2.942974170   22.868846375   27.295644132
    2.946508153   22.962496002   24.726577410
    2.950042137   23.032912532   16.029956916
    2.953576120   23.073574859    8.637657257
    2.957110104   23.106441663   12.022616631
    2.960644087   23.173840752   25.529141489
    2.964178071   23.278524238   30.737259977
    2.967712054   23.385603488   29.190980734
    2.971246038   23.466319360   16.400993108
    2.974780021   23.501786629    4.470796620
    2.978314005   23.504508883   -1.609979577
    2.981847988   23.509355605    3.253279972
    2.985381972   23.533313609    9.000184830
    2.988915955   23.563936376    8.057836892
    2.992449939   23.588653415    7.048707832
    2.995983922   23.627257719   13.627616465
    2.999517906   23.694908210   26.396178237
    3.003051889   23.803790368   34.830197775
    3.006585873   23.940990321   39.159674755
    3.010119856   24.065648760   28.956127362
    3.013653839   24.133894941   10.416680605
    3.017187823   24.150454835    0.195938240
    3.020721806   24.147310331    2.016811048
    3.024255790   24.173260914   13.959585679
    3.027789773   24.249931494   29.563794692
    3.031323757   24.362031778   30.504940291
    3.034857740   24.459630826   22.591833985
    3.038391724   24.516527460    8.835576840
    3.041925707   24.535833963    4.888939772
    3.045459691   24.565929177   11.931684190
    3.048993674   24.633442854   26.296724185
    3.052527658   24.733279591   29.027161831
    3.056061641   24.822255639   19.217539474
    3.059595625   24.869342041    6.576125818
    3.063129608   24.885373993    5.880674268
    3.066663592   24.922465015   15.533003391
    3.070197575   24.991341317   23.239583459
    3.073731559   25.070173904   19.772626496
    3.077265542   25.120259163    9.977918265
    3.080799526   25.148132298    7.889360043
    3.084333509   25.179891815   14.723016419
    3.087867493   25.256192924   27.648064297
    3.091401476   25.375624930   37.065313137
    3.094935460   25.500008293   31.564416393
    3.098469443   25.583979727   17.144497456
    3.102003427   25.617622162    4.796973854
    3.105537410   25.635617072    7.194507528
    3.109071394   25.674910119   10.925707429
    3.112605377   25.729167480   17.281056753
    3.116139361   25.781048908   11.621165246
    3.119673344   25.808283131    7.092786975
    3.123207328   25.836154105   12.620790442
    3.126741311   25.916839182   34.736606319
    3.130275295   26.074899167   51.131797361
    3.133809278   26.237066347   36.212474666
    3.137343262   26.309936686    1.538966693
    3.140877245   26.248855463  -32.054993987
    3.144411229   26.117845765  -36.297010531
    3.147945212   26.027612290   -8.582379757
    3.151479196   26.047534557   18.159559661
    3.155013179   26.125905200   23.474579342
    3.158547162   26.188618650    8.578693803
    3.162081146   26.195846302   -2.049103070
    3.165615129   26.192384496    3.367185643
    3.169149113   26.238222222   24.927278450
    3.172683096   26.358464304   41.841653457
    3.176217080   26.510862129   41.295288596
    3.179751063   26.628097596   21.849766608
    3.183285047   26.669980389    3.241339058
    3.186819030   26.659359539   -7.296620700
    3.190353014   26.629211516   -6.930318916
    3.193886997   26.625529411    4.632523124
    3.197420981   26.665685227   16.833100907
    3.200954964   26.723722763   16.600082667
    3.204488948   26.765808293   11.032712470
    3.208022931   26.804803103    9.514898034
    3.211556915   26.849449039   15.226104654
    3.215090898   26.906857866   18.139300349
    3.218624882   26.968414320   16.924060658
    3.222158865   27.004556104    3.891488151
    3.225692849   27.012432459    0.525093204
    3.229226832   27.016613700    1.043444483
    3.232760816   27.048500936   15.777905782
    3.236294799   27.119244182   24.340804856
    3.239828783   27.206786246   22.744567894
    3.243362766   27.269279666   11.704809023
    3.246896750   27.296975425    4.735393611
    3.250430733   27.321039788    8.821200516
    3.253964717   27.365952790   17.814991358
    3.257498700   27.444779493   23.086233662
    3.261032684   27.518796670   18.212317785
    3.264566667   27.564358003    7.646607421
    3.268100651   27.568816676   -3.224017316
    3.271634634   27.554501207   -1.941881700
    3.275168618   27.570159656   12.448643237
    3.278702601   27.632093369   22.696995208
    3.282236585   27.725874009   28.309920645
    3.285770568   27.805323669   14.706947642
    3.289304552   27.826418983   -1.827493006
    3.292838535   27.799908403  -10.810621388
    3.296372518   27.769074692   -5.611959911
    3.299906502   27.776010114    9.938383386
    3.303440485   27.844268367   26.659160849
    3.306974469   27.943015776   30.231512704
    3.310508452   28.030705899   19.868825433
    3.314042436   28.084691352   11.959877302
    3.317576419   28.122743224   10.999658894
    3.321110403   28.169113324   12.487889383
    3.324644386   28.215740276   13.051572875
    3.328178370   28.256177673   10.163359694
    3.331712353   28.290945088   11.842145907
    3.335246337   28.334114319   14.855257206
    3.338780320   28.391116172   17.298094391
    3.342314304   28.449895418   15.023830449
    3.345848287   28.489619402    9.504324831
    3.349382271   28.515575914    7.022420169
    3.352916254   28.540266187   10.507699386
    3.356450238   28.573852148    9.236760105
    3.359984221   28.603411934    5.417799017
    3.363518205   28.610150839   -2.183535820
    3.367052188   28.590933794   -7.236711561
    3.370586172   28.576809028    1.673794966
    3.374120155   28.608350729   16.069278033
    3.377654139   28.658689528   13.260407986
    3.381188122   28.674571312   -4.472085498
    3.384722106   28.630359901  -17.719512082
    3.388256089   28.565742636  -14.040138060
    3.391790073   28.547255846    5.864362237
    3.395324056   28.607292450   26.546262773
    3.398858040   28.728462843   39.543610735
    3.402392023   28.870274763   36.877131783
    3.405926007   28.981343275   24.869110163
    3.409459990   29.043612137   11.785532107
    3.412993974   29.074523346    6.286679802
    3.416527957   29.084527555    2.552031256
    3.420061941   29.085362164   -1.792819094
    3.423595924   29.084750955    3.495994099
    3.427129908   29.115350251   16.528136479
    3.430663891   29.191079647   25.755276860
    3.434197875   29.282022968   25.538038217
    3.437731858   29.358549524   15.670862364
    3.441265841   29.403457197   10.082256708
    3.444799825   29.439731829    8.823013033
    3.448333808   29.465396890    6.481787416
    3.451867792   29.482369568    1.394067382
    3.455401775   29.471474211   -8.645633172
    3.458935759   29.410704898  -22.432823879
    3.462469742   29.330861019  -21.326372414
    3.466003726   29.269207770   -9.566403451
    3.469537709   29.271420672    8.282037395
    3.473071693   29.316607470   12.580886508
    3.476605676   29.356278663    9.129612466
    3.480139660   29.388244149    9.336284326
    3.483673643   29.418705231    5.325641752
    3.487207627   29.433495842    4.690988483
    3.490741610   29.441469474    0.699170824
    3.494275594   29.441663288    1.278944764
    3.497809577   29.457238492    7.237129704
    3.501343561   29.480587234    7.107400535
    3.504877544   29.497965062    4.623381279
    3.508411528   29.498865672   -5.267749072
    3.511945511   29.473891625   -6.381330515
    3.515479495   29.456641614   -2.074098881
    3.519013478   29.480404177   13.136441245
    3.522547462   29.550474520   22.270471721
    3.526081445   29.611635566    7.289813563
    3.529615429   29.603166335   -9.372090540
    3.533149412   29.551742295  -17.150171402
    3.536683396   29.518443391    2.776155626
    3.540217379   29.574396141   27.866697241
    3.543751363   29.684942263   33.264295948
    3.547285346   29.788508766   22.338104967
    3.550819330   29.834825375    4.439525681
    3.554353313   29.813943969  -13.589637833
    3.557887297   29.768154398  -10.007388261
    3.561421280   29.743468876   -6.023925438
    3.564955264   29.733600937    0.644100987
    3.568489247   29.737289103    0.877451434
    3.572023231   29.747345894    6.045391050
    3.575557214   29.780248296   12.551639724
    3.579091197   29.820979712    7.601183615
    3.582625181   29.838612747    1.243629673
    3.586159164   29.825935995   -5.597560872
    3.589693148   29.804632586   -4.467985972
    3.593227131   29.812493401    5.777853563
    3.596761115   29.832078640    2.227277153
    3.600295098   29.825453141   -6.617166968
    3.603829082   29.770270105  -22.556232635
    3.607363065   29.693400646  -16.832030752
    3.610897049   29.658794508   -0.484324078
    3.614431032   29.684221043   16.130321700
    3.617965016   29.746947013   15.806482283
    3.621498999   29.785934558    5.292128091
    3.625032983   29.770396602  -10.325868915
    3.628566966   29.721611611  -14.267265663
    3.632100950   29.677679062   -9.659556220
    3.635634933   29.662329658    0.845033267
    3.639168917   29.673287318    5.629667997
    3.642702900   29.691227199    2.990974569
    3.646236884   29.705599470    5.621436142
    3.649770867   29.739769135   13.962138923
    3.653304851   29.795524162   17.693629671
    3.656838834   29.861217847   18.694530522
    3.660372818   29.914506451   14.155890406
    3.663906801   29.953256861    6.199014608
    3.667440785   29.964391288    0.156216526
    3.670974768   29.958414491   -2.752247736
    3.674508752   29.939486217   -7.987711546
    3.678042735   29.906077397   -8.790032520
    3.681576719   29.872377149   -9.781375498
    3.685110702   29.846782667   -5.536170899
    3.688644686   29.827605743   -5.516077726
    3.692178669   29.820456452   -2.349375283
    3.695712653   29.819669484    2.561114917
    3.699246636   29.833775974    6.675750306
    3.702780620   29.862103057    8.906369975
    3.706314603   29.901790677   11.972467143
    3.709848587   29.942460393    7.838089158
    3.713382570   29.944023014   -6.227845248
    3.716916554   29.911773768  -12.444561001
    3.720450537   29.864896768  -14.335564324
    3.723984520   29.812335061  -11.356405589
    3.727518504   29.789366698   -0.011950107
    3.731052487   29.810688503   10.519902528
    3.734586471   29.848519235    8.978138630
    3.738120454   29.874288364    5.253880005
    3.741654438   29.876612937   -2.546366822
    3.745188421   29.866110744   -3.270470702
    3.748722405   29.858403024    1.341841165
    3.752256388   29.876677763    9.169820511
    3.755790372   29.915276405    9.024539756
    3.759324355   29.930224103   -1.413700489
    3.762858339   29.907742701  -11.801609964
    3.766392322   29.867864357   -9.094004758
    3.769926306   29.853563886    3.407267056
    3.773460289   29.885618146   10.839564571
    3.776994273   29.923135146    6.810982857
    3.780528256   29.916625689  -12.290477453
    3.784062240   29.841836813  -24.934420673
    3.787596223   29.769442202  -10.829805240
    3.791130207   29.777929108   13.698368469
    3.794664190   29.862379335   28.853933409
    3.798198174   29.954845805   20.667933637
    3.801732157   29.994814004   -1.872244191
    3.805266141   29.963008013  -15.424188809
    3.808800124   29.917664244   -6.208239048
    3.812334108   29.919785162    8.383061579
    3.815868091   29.960360407   12.219685662
    3.819402075   29.981727420   -0.861643754
    3.822936058   29.953822658  -13.019901524
    3.826470042   29.902701071  -13.818072627
    3.830004025   29.871480802   -1.195290209
    3.833538009   29.890694494   12.249316830
    3.837071992   29.946847468   18.144312020
    3.840605976   30.010384830   16.571161385
    3.844139959   30.053034289    6.392389981
    3.847673943   30.062557986   -0.947615583
    3.851207926   30.039769467  -12.237944995
    3.854741910   29.983269018  -19.011197460
    3.858275893   29.914812971  -18.984475754
    3.861809876   29.860077927  -14.019731838
    3.865343860   29.824943195   -5.185991589
    3.868877843   29.830471457    4.860793705
    3.872411827   29.859791779    9.130021597
    3.875945810   29.897868035   10.013355264
    3.879479794   29.934050815    7.667793073
    3.883013777   29.946852433   -1.213816648
    3.886547761   29.926363633   -8.681390413
    3.890081744   29.890656644   -9.763903931
    3.893615728   29.874444581    2.694335695
    3.897149711   29.900188336    8.622855482
    3.900683695   29.928061783    6.991499096
    3.904217678   29.932721446   -4.607118699
    3.907751662   29.896615707  -13.652783337
    3.911285645   29.842303553  -14.791632909
    3.914819629   29.806700949   -5.175968670
    3.918353612   29.804758380    2.763018630
    3.921887596   29.815116775    1.047271654
    3.925421579   29.821264916    1.298569439
    3.928955563   29.830453390    5.713839707
    3.932489546   29.875499538   15.939340845
    3.936023530   29.930733619   14.355621837
    3.939557513   29.957355817   -0.941486077
    3.943091497   29.922603689  -16.502662627
    3.946625480   29.868404685  -11.510320056
    3.950159464   29.852862383    3.563598866
    3.953693447   29.887864003   14.058625367
    3.957227431   29.937012593   10.884694232
    3.960761414   29.954403005   -3.719380994
    3.964295398   29.928741006   -8.925984245
    3.967829381   29.894426966  -12.325934909
    3.971363365   29.869067916   -2.033758661
    3.974897348   29.874272386    3.510155845
    3.978431332   29.884098147    1.159250237
    3.981965315   29.881769074   -1.609578025
    3.985499299   29.877642307   -0.443334931
    3.989033282   29.880333804    2.804153766
    3.992567266   29.892415611    2.696881664
    3.996101249   29.906558855    3.365873362
    3.999635232   29.917775715    4.022290792
    4.003169216   29.936979162    6.203379663
    4.006703199   29.964177991    8.478811598
    4.010237183   29.989523539    6.537454984
    4.013771166   29.999287685    0.083792190
    4.017305150   29.998503622   -1.125571173
    4.020839133   29.994932345   -0.690418879
    4.024373117   29.990619038   -0.313816023
    4.027907100   29.987312817   -1.836756804
    4.031441084   29.978649624   -5.316504685
    4.034975067   29.961394986   -5.104994890
    4.038509051   29.954816986   -0.417483236
    4.042043034   29.981272754   14.235032882
    4.045577018   30.055648139   24.554749233
    4.049111001   30.127034721   14.249053997
    4.052644985   30.152047591   -0.601064293
    4.056178968   30.120868540  -14.410945541
    4.059712952   30.066547456  -14.010871157
    4.063246935   30.032806948   -2.958736022
    4.066780919   30.046281741    8.363636812
    4.070314902   30.081963896    9.351241986
    4.073848886   30.099884109    1.505356688
    4.077382869   30.093445984   -3.426910116
    4.080916853   30.089246247    4.355182801
    4.084450836   30.121238847   14.094235916
    4.087984820   30.182369859   16.828640881
    4.091518803   30.231781884    9.088049581
    4.095052787   30.241267122   -1.234474495
    4.098586770   30.221982844   -6.990826823
    4.102120754   30.209842368   -0.314040464
    4.105654737   30.223090547    6.479749927
    4.109188721   30.248844526    5.008713908
    4.112722704   30.252767721   -2.689890813
    4.116256688   30.225851052  -10.802468645
    4.119790671   30.189444554   -5.710790302
    4.123324655   30.194963756   11.581091116
    4.126858638   30.266506127   29.728331678
    4.130392622   30.383545491   32.728564009
    4.133926605   30.476055009   20.052186200
    4.137460589   30.516679080    3.975991746
    4.140994572   30.513470532   -6.847708556
    4.144528555   30.475577272  -12.639216993
    4.148062539   30.428897622  -12.720189424
    4.151596522   30.390363971   -8.339606365
    4.155130506   30.365085902   -4.830077315
    4.158664489   30.360677120    3.446169493
    4.162198473   30.384310169   10.793708938
    4.165732456   30.428903736   14.489378324
    4.169266440   30.479795656   15.602185665
    4.172800423   30.534003746   13.621519389
    4.176334407   30.574406102    8.281722531
    4.179868390   30.588516025    0.838768058
    4.183402374   30.593162546    1.783186836
    4.186936357   30.594182838    2.101070638
    4.190470341   30.609866479    7.529302407
    4.194004324   30.652317029   16.832581090
    4.197538308   30.719301905   19.894142990
    4.201072291   30.773170173    8.037969221
    4.204606275   30.771024481   -8.323931771
    4.208140258   30.741141500   -5.341965472
    4.211674242   30.735764509    1.777261239
    4.215208225   30.753090041    7.673824016
    4.218742209   30.776366274    3.289755752
    4.222276192   30.766985695   -8.744097023
    4.225810176   30.722142554  -14.944761005
    4.229344159   30.691589052   -0.205505029
    4.232878143   30.726076807   20.053543668
    4.236412126   30.816461086   27.827968709
    4.239946110   30.912226452   25.554037271
    4.243480093   30.965920702    6.033652436
    4.247014077   30.963448614   -5.875711020
    4.250548060   30.951835834    3.622877434
    4.254082044   30.987864198   15.387117107
    4.257616027   31.049394128   18.330302942
    4.261150011   31.088562030    2.714716469
    4.264683994   31.074322973   -9.852825255
    4.268217978   31.036049033   -8.719873675
    4.271751961   31.030411468    7.184313123
    4.275285945   31.082316560   21.803873086
    4.278819928   31.192736325   35.854550866
    4.282353911   31.301180043   25.603657364
    4.285887895   31.361796684   10.017263979
    4.289421878   31.383777016    3.199565072
    4.292955862   31.406638048    8.987806633
    4.296489845   31.453339708   14.886535680
    4.300023829   31.499593009    9.284713311
    4.303557812   31.511666556   -3.870205140
    4.307091796   31.474037837  -15.544930471
    4.310625779   31.418256990  -13.598511975
    4.314159763   31.363596509  -12.938276629
    4.317693746   31.331201431   -3.526733052
    4.321227730   31.332147240    3.646160693
    4.324761713   31.350095342    5.243444090
    4.328295697   31.375112062    8.410251555
    4.331829680   31.413528582   14.256005453
    4.335363664   31.474838929   17.905607893
    4.338897647   31.543665040   18.633570220
    4.342431631   31.597272528    8.828639103
    4.345965614   31.606562518   -2.235674039
    4.349499598   31.594513768   -3.271773224
    4.353033581   31.587817555    3.218235394
    4.356567565   31.596454663    4.280776248
    4.360101548   31.614675272    2.997547861
    4.363635532   31.618109517   -3.442365592
    4.367169515   31.608931468   -0.453081246
    4.370703499   31.619888098    6.999740070
    4.374237482   31.657018235   14.579923165
    4.377771466   31.710103247   15.669021547
    4.381305449   31.758710744   11.659233635
    4.384839433   31.783209323    6.834320734
    4.388373416   31.819505350   14.833558826
    4.391907400   31.877511686   16.282799499
    4.395441383   31.930088032   10.329086487
    4.398975367   31.946013432   -1.731884041
    4.402509350   31.936718180   -2.099089223
    4.406043334   31.942452965    6.925179409
    4.409577317   32.000575221   22.107255821
    4.413111301   32.085955224   20.555451735
    4.416645284   32.134333542    4.679436939
    4.420179268   32.116982447  -13.464643984
    4.423713251   32.056807987  -18.575175458
    4.427247234   32.003785919   -8.308676349
    4.430781218   31.996566347    2.611178841
    4.434315201   32.015783964    5.749521193
    4.437849185   32.037869119    6.186903198
    4.441383168   32.052692123    2.464324204
    4.444917152   32.065943587    8.638841798
    4.448451135   32.102428340   11.515058804
    4.451985119   32.141170400    9.739716449
    4.455519102   32.167485698    5.698990050
    4.459053086   32.189916312    7.106340234
    4.462587069   32.217175024    8.501200082
    4.466121053   32.256181746   11.955768839
    4.469655036   32.290812095    8.042416939
    4.473189020   32.302394142   -2.621562794
    4.476723003   32.285587531   -5.548913986
    4.480256987   32.282027410    2.701581332
    4.483790970   32.317413912   15.991629474
    4.487324954   32.386609731   21.497054515
    4.490858937   32.448767602    9.916548222
    4.494392921   32.457496401   -6.505380982
    4.497926904   32.423330002   -9.747226322
    4.501460888   32.397700133    0.454104144
    4.504994871   32.441623487   22.909306340
    4.508528855   32.547553451   32.378559288
    4.512062838   32.637888810   15.277458870
    4.515596822   32.656106386   -4.448891911
    4.519130805   32.615420740  -17.461161829
    4.522664789   32.565345378   -7.208150592
    4.526198772   32.566798526    6.208649328
    4.529732756   32.594399182    6.885146176
    4.533266739   32.597631973   -5.001228339
    4.536800723   32.566111387  -10.341505878
    4.540334706   32.545716193    2.122297250
    4.543868690   32.583349733   18.944033087
    4.547402673   32.675581838   30.755667662
    4.550936657   32.782810752   26.409003084
    4.554470640   32.851144842   10.374110910
    4.558004624   32.870538899    3.711986459
    4.561538607   32.888604678    7.764200410
    4.565072590   32.929375317   16.265771426
    4.568606574   32.990401943   16.515741052
    4.572140557   33.042882974   13.836388284
    4.575674541   33.091342477   14.534924046
    4.579208524   33.142766301   15.625596994
    4.582742508   33.197056071   15.381110499
    4.586276491   33.251324370   15.036770825
    4.589810475   33.308292844   14.756164448
    4.593344458   33.365083906   15.933041361
    4.596878442   33.423401993   14.688114565
    4.600412425   33.459533593    5.500849703
    4.603946409   33.469388213   -0.085580953
    4.607480392   33.463930863   -0.917780787
    4.611014376   33.475250967    7.857366694
    4.614548359   33.522112025   15.207247583
    4.618082343   33.580463277   14.954500135
    4.621616326   33.622324353    6.739389830
    4.625150310   33.625255651   -4.771867856
    4.628684293   33.609378050   -0.518644588
    4.632218277   33.630106758   12.006220508
    4.635752260   33.696170738   22.747861943
    4.639286244   33.772845060   18.789663065
    4.642820227   33.821872203    7.235882612
    4.646354211   33.843778774    7.198843145
    4.649888194   33.870114239   10.638193525
    4.653422178   33.920411505   18.996684521
    4.656956161   33.998469673   22.329549088
    4.660490145   34.064912339   12.740358892
    4.664024128   34.088843458   -0.777240045
    4.667558112   34.083432465   -0.292103452
    4.671092095   34.096527436   10.048171265
    4.674626079   34.162283969   24.297549554
    4.678160062   34.251801713   25.643826084
    4.681694046   34.327235526   15.724504566
    4.685228029   34.368342844    6.258978633
    4.688762013   34.391822668    8.791033439
    4.692295996   34.452342380   23.858153315
    4.695829980   34.562394663   34.822067041
    4.699363963   34.677251183   27.519507386
    4.702897946   34.739837996    5.325222386
    4.706431930   34.728781261  -10.998282141
    4.709965913   34.691338300   -6.269677508
    4.713499897   34.702670494   16.232905621
    4.717033880   34.798242773   36.701264646
    4.720567864   34.922346484   31.026978719
    4.724101847   34.995594346    9.463555511
    4.727635831   35.004326358   -4.160213174
    4.731169814   35.003144415    7.591623317
    4.734703798   35.083655117   36.061309651
    4.738237781   35.238548915   48.880606288
    4.741771765   35.379494621   27.426902949
    4.745305748   35.416585412   -6.498218753
    4.748839732   35.357880278  -19.900130933
    4.752373715   35.319643756    0.202849864
    4.755907699   35.383505912   34.607257080
    4.759441682   35.539417608   49.791441922
    4.762975666   35.688858424   32.726184272
    4.766509649   35.759523013    8.475636926
    4.770043633   35.770572290   -0.594168992
    4.773577616   35.785268622   11.559416701
    4.777111600   35.853407648   23.984015211
    4.780645583   35.946715696   26.421818739
    4.784179567   36.023795629   16.533874689
    4.787713550   36.077380009   15.742528840
    4.791247534   36.141358305   21.556291566
    4.794781517   36.236705650   32.430015134
    4.798315501   36.364504757   37.623449500
    4.801849484   36.488793577   31.704143573
    4.805383468   36.585334068   21.005408433
    4.808917451   36.653487094   18.481282553
    4.812451435   36.710882179   14.601480893
    4.815985418   36.773968881   19.014449170
    4.819519402   36.843892282   22.361028905
    4.823053385   36.922695590   19.919663832
    4.826587369   37.002282187   24.103964909
    4.830121352   37.090346630   24.468779538
    4.833655336   37.166255163   20.358596961
    4.837189319   37.229893354   15.777954679
    4.840723303   37.271095679    6.739233349
    4.844257286   37.298973147    9.088047467
    4.847791269   37.342096017   15.744954503
    4.851325253   37.435421386   36.491902673
    4.854859236   37.593106517   51.892899983
    4.858393220   37.797069469   57.991696640
    4.861927203   37.985898094   45.749527057
    4.865461187   38.114746867   26.185348286
    4.868995170   38.172676537   10.123614383
    4.872529154   38.200918495   10.639110093
    4.876063137   38.253355420   21.189733749
    4.879597121   38.350497701   30.157290027
    4.883131104   38.444471853   21.520728596
    4.886665088   38.521226141   20.789889151
    4.890199071   38.609292885   31.597224615
    4.893733055   38.747726578   47.717144857
    4.897267038   38.944957118   60.590225430
    4.900801022   39.155010160   53.425055172
    4.904335005   39.307500337   33.761140860
    4.907868989   39.413920622   24.609738857
    4.911402972   39.507361152   32.441162944
    4.914936956   39.650313026   47.634935628
    4.918470939   39.832305980   52.744035026
    4.922004923   40.004475301   41.446150359
    4.925538906   40.118517473   23.893316619
    4.929072890   40.189858953   18.627854636
    4.932606873   40.271762422   30.120612401
    4.936140857   40.406518531   45.544996242
    4.939674840   40.586551081   57.053178484
    4.943208824   40.793988066   60.034629615
    4.946742807   41.002250698   57.596351223
    4.950276791   41.192360122   48.521756379
    4.953810774   41.358059940   46.569627786
    4.957344758   41.534127495   51.155676795
    4.960878741   41.719492955   52.988965226
    4.964412725   41.909830753   55.292650238
    4.967946708   42.112321076   59.215253113
    4.971480692   42.321543817   56.319491332
    4.975014675   42.513183728   51.345631490
    4.978548659   42.689966112   45.418942046
    4.982082642   42.855086288   49.136194462
    4.985616625   43.034187714   55.384439677
    4.989150609   43.254986684   70.155353572
    4.992684592   43.512951342   76.326921865
    4.996218576   43.772652307   67.540527797
    4.999752559   43.996234339   57.089036836
    5.003286543   44.182571076   48.829488937
    5.006820526   44.368577509   55.042159579
    5.010354510   44.584416643   67.990285873
    5.013888493   44.844246926   77.072202827
    5.017422477   45.105744541   69.668344455
    5.020956460   45.327950072   55.028265454
    5.024490444   45.508132440   49.483630141
    5.028024427   45.692942569   54.872449398
    5.031558411   45.902863165   61.218243452
    5.035092394   46.123522837   61.004549392
    5.038626378   46.326901536   53.746560743
    5.042160361   46.508486805   52.706970109
    5.045694345   46.720363720   67.742807537
    5.049228328   46.995663394   82.149954049
    5.052762312   47.283943942   76.262965829
    5.056296295   47.514792786   54.726319364
    5.059830279   47.667474914   35.219893519
    5.063364262   47.786976310   39.629735555
    5.066898246   47.971756381   66.677670348
    5.070432229   48.265117506   95.055181303
    5.073966213   48.619315579   98.346020814
    5.077500196   48.941375040   77.198482030
    5.081034180   49.165107671   53.429876412
    5.084568163   49.339191174   47.920184868
    5.088102147   49.523389085   60.594967093
    5.091636130   49.753535554   69.505054089
    5.095170114   49.999465872   66.566830431
    5.098704097   50.225357530   56.172806138
    5.102238081   50.412625245   49.102493691
    5.105772064   50.595003392   53.346165063
    5.109306048   50.794806300   58.802855838
    5.112840031   51.002179357   58.443576870
    5.116374015   51.199573247   52.722037499
    5.119907998   51.383400449   52.684436970
    5.123441982   51.573785582   58.793852706
    5.126975965   51.818016857   80.858541188
    5.130509948   52.129307320   91.481672686
    5.134043932   52.443027681   83.553602652
    5.137577915   52.692857758   56.522349467
    5.141111899   52.844460649   32.935230025
    5.144645882   52.964646607   38.984720467
    5.148179866   53.138524551   58.882341249
    5.151713849   53.375271573   75.115012409
    5.155247833   53.642038829   71.659204514
    5.158781816   53.876100086   63.597641825
    5.162315800   54.086777148   61.000405513
    5.165849783   54.323194525   72.127357435
    5.169383767   54.600712225   79.634487648
    5.172917750   54.876137820   71.379396643
    5.176451734   55.086398228   47.541750609
    5.179985717   55.235530650   40.316789454
    5.183519701   55.392178776   50.916061985
    5.187053684   55.622622989   77.040025633
    5.190587668   55.914830143   82.565649021
    5.194121651   56.169038723   58.944423414
    5.197655635   56.337145196   36.710722392
    5.201189618   56.441947026   25.443592021
    5.204723602   56.566253186   48.026996756
    5.208257585   56.787469406   76.273980488
    5.211791569   57.065948015   78.361013622
    5.215325552   57.306033958   54.687510911
    5.218859536   57.442352422   24.722212567
    5.222393519   57.512749588   21.451962204
    5.225927503   57.613642915   38.146317347
    5.229461486   57.792420188   61.870574897
    5.232995470   58.027448659   68.762076224
    5.236529453   58.255459125   58.484229620
    5.240063437   58.442095631   49.948529151
    5.243597420   58.623573396   56.116058695
    5.247131404   58.857895199   78.942443550
    5.250665387   59.180460882   99.135985317
    5.254199371   59.535397557   99.727221898
    5.257733354   59.877399024   91.466413942
    5.261267338   60.173584674   75.824645299
    5.264801321   60.435472898   73.737616807
    5.268335304   60.701331934   74.146607979
    5.271869288   60.956024710   70.671881891
    5.275403271   61.209615668   70.093630175
    5.278937255   61.452942250   69.604104696
    5.282471238   61.706581110   76.443458328
    5.286005222   61.993401376   83.177029751
    5.289539205   62.293537167   83.063093107
    5.293073189   62.565233247   67.546869915
    5.296607172   62.773456791   52.356170798
    5.300141156   62.951418904   51.187198678
    5.303675139   63.158570642   64.271935219
    5.307209123   63.402716893   74.116891811
    5.310743106   63.656239105   64.788541904
    5.314277090   63.853202042   46.858085060
    5.317811073   63.996902736   37.771386911
    5.321345057   64.161884295   58.513436839
    5.324879040   64.439531440   99.209244271
    5.328413024   64.839905762  123.685684674
    5.331947007   65.259314295  106.791959385
    5.335480991   65.574471871   69.188394974
    5.339014974   65.747770144   32.495939486
    5.342548958   65.858779802   37.715717843
    5.346082941   66.049308144   73.408690423
    5.349616925   66.370529722  106.094712430
    5.353150908   66.764374303  112.115589372
    5.356684892   67.123286060   85.186583088
    5.360218875   67.381942646   60.558301231
    5.363752859   67.580840045   54.830406597
    5.367286842   67.800303439   70.906445088
    5.370820826   68.082205417   84.538819646
    5.374354809   68.380668948   79.151842294
    5.377888793   68.623503475   56.021863508
    5.381422776   68.771656908   26.113760213
    5.384956760   68.848735388   22.866486407
    5.388490743   68.942700626   36.061094414
    5.392024727   69.122900979   66.597120904
    5.395558710   69.397892278   87.525749342
    5.399092694   69.724988800   96.487974403
    5.402626677   70.082486330  105.322659716
    5.406160661   70.467288655  110.672177500
    5.409694644   70.857904835  108.935340583
    5.413228627   71.205803659   85.798037671
    5.416762611   71.448279553   51.059511262
    5.420296594   71.565428389   20.412135880
    5.423830578   71.626012088   21.712183211
    5.427364561   71.745969203   48.768087556
    5.430898545   71.988499671   84.069231262
    5.434432528   72.314835553   96.237498604
    5.437966512   72.621921632   72.598803799
    5.441500495   72.815383377   34.926371180
    5.445034479   72.905256758   21.806605312
    5.448568462   73.010918715   42.361408479
    5.452102446   73.242824503   89.940759153
    5.455636429   73.647472628  135.186898026
    5.459170413   74.138441170  135.648225066
    5.462704396   74.544708784   86.538505460
    5.466238380   74.719263416   12.560930760
    5.469772363   74.645165330  -41.297637495
    5.473306347   74.592450893   34.769834506
    5.476840330   75.016012726  212.707742868
    5.480374314   76.042433210  338.933392291
    5.483908297   77.081465720  192.888433025
    5.487442281   77.010009210 -275.279807549
    5.490976264   75.091007727 -770.440354753
    5.494510248   72.243193677 -689.132373862
    5.498044231   71.565254143  517.847862425
    5.501578215   77.292530296 2878.582824490
    5.505112198   92.483066656 5711.929344696
    5.508646182  116.945719932 7947.418552078
    5.512180165  146.960051300 8766.644432212
    5.515714149  177.054091884 8032.481637590
    5.519248132  202.497096177 6254.388963765
    5.522782116  220.946503877 4198.108081566
    5.526316099  232.542765779 2447.662299498
    5.529850083  238.902610936 1247.385695675
    5.533384066  241.960327853  555.500285253
    5.536918050  243.234693327  206.500083231
    5.540452033  243.636459350   46.317459973
    5.543986017  243.706607315    4.769139981
    5.547520000  243.711936425    0.082189239
