#! FIELDS D0 file.free der_D0
#! SET min_D0 0.194862
#! SET max_D0 5.5515
#! SET nbins_D0  1517
#! SET periodic_D0 false
    0.194862000  287.779036230   -0.000000000
    0.198395402  287.756812132  -14.422660288
    0.201928805  287.634237502  -65.254314624
    0.205462207  287.193714785 -200.376547208
    0.208995609  286.025875236 -495.539179197
    0.212529012  283.379121423 -1055.860408471
    0.216062414  278.122898061 -1982.939885730
    0.219595817  268.908161204 -3292.068400664
    0.223129219  254.562285300 -4848.527960537
    0.226662621  234.704441528 -6346.185953469
    0.230196024  210.262616968 -7379.812786522
    0.233729426  183.479605196 -7638.594241073
    0.237262828  157.269270248 -7072.876808099
    0.240796231  134.177455081 -5936.138882846
    0.244329633  115.504609402 -4645.729341566
    0.247863036  101.069136066 -3583.027554550
    0.251396438   89.691594156 -2919.677490419
    0.254929840   80.029250689 -2589.147285077
    0.258463243   71.233944832 -2397.343166589
    0.261996645   63.103055398 -2191.037337823
    0.265530047   55.856176575 -1899.199261755
    0.269063450   49.730784931 -1567.935260113
    0.272596852   44.721339485 -1281.093669120
    0.276130255   40.571257219 -1080.386768252
    0.279663657   36.967224603 -972.099713094
    0.283197059   33.656689729 -903.894759904
    0.286730462   30.579982513 -834.319834220
    0.290263864   27.787262659 -745.091492766
    0.293797266   25.331652997 -643.991517860
    0.297330669   23.200768881 -559.982335387
    0.300864071   21.344873993 -495.932541634
    0.304397474   19.686673630 -446.127125819
    0.307930876   18.183417060 -406.667507071
    0.311464278   16.812423824 -370.325981614
    0.314997681   15.564176498 -338.841902713
    0.318531083   14.396806367 -321.088859211
    0.322064485   13.285523884 -300.802332618
    0.325597888   12.265349005 -275.484774894
    0.329131290   11.346857769 -247.703313464
    0.332664693   10.495850604 -233.179777249
    0.336198095    9.678390629 -232.020265433
    0.339731497    8.861518147 -232.727365289
    0.343264900    8.046980319 -227.163915024
    0.346798302    7.274413501 -205.138909035
    0.350331704    6.578121093 -187.804349330
    0.353865107    5.945337100 -172.440323745
    0.357398509    5.343413072 -170.460395753
    0.360931912    4.746798841 -168.450521403
    0.364465314    4.169841722 -155.979574664
    0.367998716    3.638285150 -140.510154368
    0.371532119    3.183981756 -122.509930962
    0.375065521    2.780159850 -109.584873400
    0.378598923    2.409444168  -99.091115289
    0.382132326    2.086179830  -84.246757604
    0.385665728    1.815677378  -67.870397021
    0.389199131    1.575435360  -67.290679034
    0.392732533    1.342816789  -66.283216306
    0.396265935    1.094932963  -73.584557850
    0.399799338    0.835120453  -71.678247832
    0.403332740    0.603862765  -56.756316775
    0.406866142    0.428600577  -39.597371810
    0.410399545    0.311770739  -28.551786512
    0.413932947    0.233394848  -17.197789368
    0.417466350    0.192650815   -5.997733848
    0.420999752    0.171934047   -3.829747298
    0.424533154    0.163191515   -3.060847987
    0.428066557    0.138543241   -9.138625087
    0.431599959    0.096107638  -14.816280947
    0.435133361    0.038260076  -15.561999370
    0.438666764    0.000000000   -1.824392652
    0.442200166    0.014453615    7.623284955
    0.445733569    0.067202295   21.591725760
    0.449266971    0.169498513   30.969394495
    0.452800373    0.280312400   32.805544615
    0.456333776    0.404692280   38.357196923
    0.459867178    0.538670323   41.623364107
    0.463400580    0.704653870   47.958577871
    0.466933983    0.871608436   45.406791175
    0.470467385    1.021759752   42.513097618
    0.474000788    1.162819117   40.843503634
    0.477534190    1.311994349   47.575419288
    0.481067592    1.501248549   64.510546541
    0.484600995    1.761564779   81.555604451
    0.488134397    2.065591483   87.890641019
    0.491667799    2.368347056   80.536938007
    0.495201202    2.628189963   67.569961947
    0.498734604    2.852373922   62.173509389
    0.502268007    3.077009252   69.819483386
    0.505801409    3.346157237   84.216623456
    0.509334811    3.656036438   89.292882850
    0.512868214    3.952922984   79.116911454
    0.516401616    4.208533647   68.124446960
    0.519935018    4.445395654   65.000277635
    0.523468421    4.689628200   74.511676670
    0.527001823    4.967785955   80.897443830
    0.530535226    5.239725117   74.415971038
    0.534068628    5.493457097   68.311692318
    0.537602030    5.733424409   69.200986950
    0.541135433    5.999136805   82.585221643
    0.544668835    6.295972858   83.472089425
    0.548202237    6.568529521   71.757126719
    0.551735640    6.783270905   52.891947118
    0.555269042    6.948998432   43.388372079
    0.558802445    7.131028539   61.122815807
    0.562335847    7.373811947   74.441450480
    0.565869249    7.654800241   80.191594924
    0.569402652    7.910709733   62.091800638
    0.572936054    8.093787711   45.323174144
    0.576469456    8.245901360   41.150364038
    0.580002859    8.399897522   46.608226246
    0.583536261    8.569966843   47.005261153
    0.587069664    8.713955078   33.481555795
    0.590603066    8.799429381   17.856249561
    0.594136468    8.850260035   13.859494906
    0.597669871    8.908394957   21.119737368
    0.601203273    8.988410261   26.745831819
    0.604736675    9.083848296   24.490768753
    0.608270078    9.172692652   24.007228559
    0.611803480    9.268697931   30.843099173
    0.615336883    9.393771820   38.006452001
    0.618870285    9.550096897   49.456257898
    0.622403687    9.706891966   38.877176125
    0.625937090    9.820309057   24.461027549
    0.629470492    9.892466222   16.210124290
    0.633003894    9.945400123   16.215658964
    0.636537297   10.037288141   31.263051178
    0.640070699   10.168003832   41.539735404
    0.643604102   10.314110429   38.661348860
    0.647137504   10.437569425   26.808903724
    0.650670906   10.525305052   23.050151979
    0.654204309   10.616788999   30.135621834
    0.657737711   10.744050655   43.906101531
    0.661271113   10.899487151   41.442320582
    0.664804516   11.039888892   37.986232154
    0.668337918   11.149056377   28.526937627
    0.671871321   11.247341713   29.343005555
    0.675404723   11.348486520   28.819815309
    0.678938125   11.457287359   32.896091300
    0.682471528   11.568203413   27.153435025
    0.686004930   11.656029632   19.708544148
    0.689538332   11.732669027   25.128983381
    0.693071735   11.816621198   25.821424502
    0.696605137   11.926166785   37.189435717
    0.700138540   12.068560418   41.038368149
    0.703671942   12.202843756   31.946979586
    0.707205344   12.294710522   19.961042712
    0.710738747   12.345720788   13.613966834
    0.714272149   12.398123881   16.747387075
    0.717805551   12.459960941   19.428623273
    0.721338954   12.515045117    9.399001665
    0.724872356   12.514958737  -11.672398766
    0.728405759   12.418395457  -41.876275328
    0.731939161   12.208204025  -76.945178406
    0.735472563   11.912653519  -90.312639882
    0.739005966   11.570680139 -102.781968329
    0.742539368   11.187393389 -116.506763836
    0.746072770   10.756320233 -126.746977614
    0.749606173   10.275473099 -145.130459660
    0.753139575    9.728658706 -164.452900654
    0.756672978    9.122161595 -179.365967335
    0.760206380    8.471259790 -184.936436268
    0.763739782    7.815932107 -180.523853596
    0.767273185    7.221796631 -152.562761257
    0.770806587    6.719592268 -131.230969405
    0.774339989    6.291544679 -114.205579979
    0.777873392    5.885955906 -114.383656858
    0.781406794    5.474444165 -117.373341226
    0.784940197    5.059867752 -116.376133387
    0.788473599    4.652942712 -108.033422284
    0.792007001    4.292869113  -97.238270234
    0.795540404    3.964506951  -91.584477033
    0.799073806    3.635908468  -90.850518949
    0.802607208    3.312962192  -89.188215125
    0.806140611    3.038203001  -65.362635298
    0.809674013    2.852871530  -43.400865189
    0.813207416    2.737777769  -24.461185939
    0.816740818    2.667648363  -18.049142989
    0.820274220    2.581897102  -32.899224420
    0.823807623    2.464097031  -39.199008033
    0.827341025    2.337365155  -32.803980926
    0.830874427    2.249668243  -17.680262178
    0.834407830    2.211074237   -4.758430110
    0.837941232    2.204271324    0.043860149
    0.841474635    2.184624718  -11.179629595
    0.845008037    2.144000198  -11.106209740
    0.848541439    2.119535422    1.632509468
    0.852074842    2.155399293   20.421001045
    0.855608244    2.256197534   38.124908305
    0.859141646    2.408239090   49.718798181
    0.862675049    2.586017086   46.684588058
    0.866208451    2.741734623   41.786322568
    0.869741854    2.888283118   43.920256872
    0.873275256    3.039248760   41.767250690
    0.876808658    3.194246191   44.819025967
    0.880342061    3.354246625   43.936640390
    0.883875463    3.513559182   41.881664464
    0.887408865    3.643041266   32.912501636
    0.890942268    3.753310700   30.253339890
    0.894475670    3.862137695   29.361391094
    0.898009073    3.981016380   37.078973813
    0.901542475    4.123645070   41.110217962
    0.905075877    4.282406634   47.357851181
    0.908609280    4.446153500   42.898289285
    0.912142682    4.574168802   26.442626765
    0.915676084    4.648003981   14.317170572
    0.919209487    4.675620840    0.838828296
    0.922742889    4.667296536   -2.837153697
    0.926276292    4.665720386    2.954007626
    0.929809694    4.676306713    2.902410395
    0.933343096    4.679859037   -1.598999669
    0.936876499    4.678500824    1.624693221
    0.940409901    4.704770459   11.556533274
    0.943943303    4.760459861   19.267844877
    0.947476706    4.841828487   25.398686226
    0.951010108    4.919415528   16.210242096
    0.954543511    4.943562996   -3.685666096
    0.958076913    4.922215323   -4.098616549
    0.961610315    4.950251024   20.367459558
    0.965143718    5.045486253   33.949870923
    0.968677120    5.184425905   40.041019955
    0.972210522    5.293386890   23.880110261
    0.975743925    5.363657436   15.113667529
    0.979277327    5.424658646   18.928178122
    0.982810730    5.508852071   26.395469176
    0.986344132    5.585973323   17.257408975
    0.989877534    5.605895681   -8.842397008
    0.993410937    5.549625757  -22.100990107
    0.996944339    5.483171899  -12.454816595
    1.000477741    5.469738644    6.288252810
    1.004011144    5.540665449   28.091454347
    1.007544546    5.652601926   31.623991738
    1.011077949    5.743223227   15.669269775
    1.014611351    5.773216875    4.684932136
    1.018144753    5.787957648    9.187679860
    1.021678156    5.827705074   17.423507704
    1.025211558    5.900263982   20.514036826
    1.028744960    5.967596031   15.311235249
    1.032278363    6.016224827    9.665257816
    1.035811765    6.054357153   15.913569425
    1.039345168    6.144535291   31.824114460
    1.042878570    6.239824173   23.517850766
    1.046411972    6.294442905    3.743010885
    1.049945375    6.279585274  -10.600802270
    1.053478777    6.247783187   -2.616725889
    1.057012179    6.268245920   17.966260735
    1.060545582    6.358688360   32.602536660
    1.064078984    6.483984736   33.578365932
    1.067612387    6.597142818   31.075720791
    1.071145789    6.705551458   32.328159968
    1.074679191    6.836890715   41.508636067
    1.078212594    6.997298275   49.356929418
    1.081745996    7.152928019   37.083308605
    1.085279398    7.236063804   10.298459636
    1.088812801    7.245320072    1.785511287
    1.092346203    7.256608990   11.128892609
    1.095879606    7.337518219   30.657132209
    1.099413008    7.467352506   37.767290425
    1.102946410    7.601085297   35.148799986
    1.106479813    7.727175622   36.318075589
    1.110013215    7.860110185   38.650423138
    1.113546617    7.991368941   33.729886644
    1.117080020    8.104280337   27.923559237
    1.120613422    8.176902182   16.992341932
    1.124146825    8.238330867   22.682614116
    1.127680227    8.339781948   38.103529750
    1.131213629    8.494744275   51.451906175
    1.134747032    8.661844927   38.933887050
    1.138280434    8.765966402   17.966636234
    1.141813836    8.801821954    1.540116633
    1.145347239    8.801499935    5.832318546
    1.148880641    8.857940385   29.982251460
    1.152414044    8.981152419   41.125059230
    1.155947446    9.113637780   29.813737826
    1.159480848    9.207511368   21.999083481
    1.163014251    9.270744582   17.037170755
    1.166547653    9.347927700   25.425078359
    1.170081055    9.453870760   33.762822740
    1.173614458    9.586892032   37.723820399
    1.177147860    9.707225436   29.289199553
    1.180681263    9.779681230   16.175853357
    1.184214665    9.837239076   17.762418794
    1.187748067    9.919102802   28.613839575
    1.191281470   10.017298947   26.608690743
    1.194814872   10.096330266   18.541768563
    1.198348274   10.150682805   11.842264258
    1.201881677   10.193196946   17.612031929
    1.205415079   10.275534519   29.640937101
    1.208948482   10.400521337   39.017439965
    1.212481884   10.525729814   29.317633206
    1.216015286   10.605419873   16.755657805
    1.219548689   10.648585323    8.763117218
    1.223082091   10.670660010    7.381983111
    1.226615493   10.698910466    7.983418395
    1.230148896   10.740542806   12.333359624
    1.233682298   10.778478973    6.304453459
    1.237215701   10.780775971   -3.414734727
    1.240749103   10.758123664   -8.057855101
    1.244282505   10.753887989    5.642348872
    1.247815908   10.797102688   16.054002221
    1.251349310   10.848098817   12.706858669
    1.254882712   10.881225702    4.019439159
    1.258416115   10.874501804   -3.383940410
    1.261949517   10.878263832    7.681662580
    1.265482920   10.928999104   22.494631019
    1.269016322   11.032377356   28.602394129
    1.272549724   11.135815744   25.825174093
    1.276083127   11.201121970   11.417632731
    1.279616529   11.210795304   -3.125118608
    1.283149931   11.191700498   -4.279596459
    1.286683334   11.188876008    3.352239388
    1.290216736   11.211508052    5.469580261
    1.293750139   11.219831401    2.307806968
    1.297283541   11.226503938    3.814691594
    1.300816943   11.242801575    9.072078335
    1.304350346   11.282370872   14.338975801
    1.307883748   11.332688335   13.312483761
    1.311417150   11.374075110    5.941731847
    1.314950553   11.387463227    1.817773047
    1.318483955   11.391726990    2.516293885
    1.322017358   11.424765152   18.281415445
    1.325550760   11.512841213   29.163365952
    1.329084162   11.608968868   25.131608759
    1.332617565   11.676666445   14.446231783
    1.336150967   11.700154859    3.968387900
    1.339684369   11.727649581   11.128997790
    1.343217772   11.777974832   18.138940914
    1.346751174   11.855347498   21.770168598
    1.350284577   11.918014847   15.524149447
    1.353817979   11.961252137    7.917299735
    1.357351381   11.992002219    8.690971065
    1.360884784   12.008522767   -0.397078726
    1.364418186   12.010366050    4.874910929
    1.367951588   12.046231671   14.774802084
    1.371484991   12.094042679   16.542308102
    1.375018393   12.148922214   14.221538069
    1.378551796   12.192191915    6.083966799
    1.382085198   12.188853791  -11.654833382
    1.385618600   12.114321799  -28.629527482
    1.389152003   12.000473737  -32.144619068
    1.392685405   11.907251743  -18.185859589
    1.396218807   11.872237066   -4.837439263
    1.399752210   11.875405123    6.865942738
    1.403285612   11.896136823    7.568375598
    1.406819015   11.911417633    1.318449671
    1.410352417   11.916043021    1.427513557
    1.413885819   11.915279938    3.290374640
    1.417419222   11.943211348    9.668546926
    1.420952624   11.970460064    4.630298576
    1.424486026   11.961767015  -10.850446681
    1.428019429   11.902421872  -26.151792096
    1.431552831   11.798513785  -28.920526486
    1.435086234   11.733680446   -8.704467363
    1.438619636   11.723209271    1.092722995
    1.442153038   11.730466929    1.288326482
    1.445686441   11.717696139  -10.220985839
    1.449219843   11.638727240  -31.918680914
    1.452753245   11.513699239  -33.252808072
    1.456286648   11.423886220  -17.079129048
    1.459820050   11.378059589   -6.721878279
    1.463353453   11.363732331   -1.330489267
    1.466886855   11.350132968   -7.810610851
    1.470420257   11.326507414   -1.370573763
    1.473953660   11.323185386   -1.372848392
    1.477487062   11.317015150   -5.077682385
    1.481020464   11.284121302  -14.406482407
    1.484553867   11.217526677  -18.489100155
    1.488087269   11.167097684   -6.948470183
    1.491620672   11.156809747    0.661125064
    1.495154074   11.181305610   11.762496478
    1.498687476   11.211488958    1.262835328
    1.502220879   11.194023856   -9.766740739
    1.505754281   11.151674117  -16.717286018
    1.509287683   11.085022189  -16.038577202
    1.512821086   11.060560244    0.761734202
    1.516354488   11.086436760   12.936299003
    1.519887891   11.126602717   11.643610282
    1.523421293   11.172976266   12.495393840
    1.526954695   11.206829589    5.649006466
    1.530488098   11.195966094  -11.977214758
    1.534021500   11.138215432  -17.867890845
    1.537554902   11.064360779  -16.864065306
    1.541088305   11.029404111    1.844575193
    1.544621707   11.067269019   15.628371020
    1.548155109   11.135052092   17.974346536
    1.551688512   11.182654506    9.718669859
    1.555221914   11.219997823   14.840603172
    1.558755317   11.275100503   18.088341422
    1.562288719   11.338931923   14.846958858
    1.565822121   11.381878600    4.801214529
    1.569355524   11.359284041  -14.667757010
    1.572888926   11.302193844  -12.581637018
    1.576422328   11.292597457    9.432381410
    1.579955731   11.356446494   28.851546914
    1.583489133   11.484858947   37.492120491
    1.587022536   11.592016408   21.801849886
    1.590555938   11.634521525    5.179155088
    1.594089340   11.647928188    5.303250323
    1.597622743   11.703136524   25.830776200
    1.601156145   11.809321969   32.908876658
    1.604689547   11.933757467   34.405956111
    1.608222950   12.025727079   20.711275145
    1.611756352   12.090605028   21.341833018
    1.615289755   12.184624059   31.240288273
    1.618823157   12.316968170   37.567028328
    1.622356559   12.448512466   35.941300354
    1.625889962   12.543133523   17.489488857
    1.629423364   12.571506231    1.312968132
    1.632956766   12.583637178   10.523158126
    1.636490169   12.664710799   33.508225431
    1.640023571   12.815339898   50.590898826
    1.643556974   12.981818439   42.574526159
    1.647090376   13.106220751   25.449518905
    1.650623778   13.166071962   13.653176286
    1.654157181   13.214342696   19.504493894
    1.657690583   13.307304437   36.652649672
    1.661223985   13.469110641   52.350671536
    1.664757388   13.643750571   45.757992445
    1.668290790   13.782253247   33.939761781
    1.671824193   13.880907788   25.220309686
    1.675357595   13.985693013   33.456501139
    1.678890997   14.111423989   38.638917159
    1.682424400   14.263075462   46.363872945
    1.685957802   14.423820554   43.900461333
    1.689491204   14.578960353   44.174282044
    1.693024607   14.757998990   57.379951622
    1.696558009   14.971747022   60.367690317
    1.700091412   15.171821856   48.038121653
    1.703624814   15.324275418   37.888228538
    1.707158216   15.431810269   22.201715654
    1.710691619   15.496862127   15.699472168
    1.714225021   15.568207283   29.296881697
    1.717758423   15.706207550   47.284364266
    1.721291826   15.880461321   49.652736990
    1.724825228   16.037068792   39.559728137
    1.728358631   16.142009243   20.752970561
    1.731892033   16.189632460    6.580082630
    1.735425435   16.218363415   10.534757637
    1.738958838   16.277760796   27.178256765
    1.742492240   16.395242500   40.286228581
    1.746025642   16.556965595   48.603673219
    1.749559045   16.734445789   50.220376521
    1.753092447   16.914394063   50.946120594
    1.756625850   17.099081626   55.546453220
    1.760159252   17.297219459   58.545120137
    1.763692654   17.512161340   56.816637754
    1.767226057   17.699843428   47.377667482
    1.770759459   17.836676372   30.386204725
    1.774292861   17.941304547   29.209281316
    1.777826264   18.031241759   24.842233438
    1.781359666   18.134226300   28.782118980
    1.784893069   18.253034631   34.472272661
    1.788426471   18.374289784   32.832263876
    1.791959873   18.471564271   25.917018803
    1.795493276   18.574375518   32.477029265
    1.799026678   18.709298114   42.983081296
    1.802560080   18.873401520   49.614469672
    1.806093483   19.052769127   47.134615564
    1.809626885   19.196848183   30.521802388
    1.813160288   19.270158474   10.647034930
    1.816693690   19.290808203    2.869600291
    1.820227092   19.306973049    6.515765456
    1.823760495   19.337375207   11.164169119
    1.827293897   19.393686043   21.535753160
    1.830827299   19.469097327   20.002967510
    1.834360702   19.535847800   13.545476724
    1.837894104   19.575352466    7.445329474
    1.841427507   19.591396963    2.173749662
    1.844960909   19.603392779    1.685762936
    1.848494311   19.608405485    5.530647326
    1.852027714   19.636804616    4.523846449
    1.855561116   19.662904262    8.620394532
    1.859094518   19.703125169   13.127126063
    1.862627921   19.766399815   27.248666661
    1.866161323   19.899835955   47.104514897
    1.869694726   20.085356758   53.599960291
    1.873228128   20.266923473   42.946448888
    1.876761530   20.383317552   20.033424937
    1.880294933   20.411465046   -2.579636579
    1.883828335   20.399774660   -2.971031862
    1.887361737   20.404747422    7.090446848
    1.890895140   20.456439939   21.557962375
    1.894428542   20.547770348   30.843012488
    1.897961945   20.671939993   38.579716860
    1.901495347   20.814710623   40.328582678
    1.905028749   20.969554121   43.446251204
    1.908562152   21.130117048   48.012365573
    1.912095554   21.309122086   49.942637929
    1.915628956   21.488891797   52.053234567
    1.919162359   21.684081362   60.222349934
    1.922695761   21.915446943   66.804794794
    1.926229164   22.170896365   75.825166235
    1.929762566   22.442076836   76.509860553
    1.933295968   22.701847633   71.665135521
    1.936829371   22.949150791   70.350161455
    1.940362773   23.211230057   77.430179654
    1.943896175   23.504215101   85.962297293
    1.947429578   23.840165006  100.328170429
    1.950962980   24.190706557   98.445200072
    1.954496383   24.522497072   86.945935881
    1.958029785   24.797142250   72.878920950
    1.961563187   25.038718477   67.314545909
    1.965096590   25.286615812   73.781434806
    1.968629992   25.542446353   70.064721875
    1.972163394   25.759748156   52.508131089
    1.975696797   25.929377612   42.251793430
    1.979230199   26.096785063   58.136115492
    1.982763602   26.341515307   80.623529498
    1.986297004   26.675768600  104.996441458
    1.989830406   27.052195367  104.705691402
    1.993363809   27.400363174   85.815968073
    1.996897211   27.661931323   63.035062436
    2.000430613   27.854415812   49.326313135
    2.003964016   28.018640395   43.393183408
    2.007497418   28.167159967   41.717497160
    2.011030821   28.295619901   31.387208322
    2.014564223   28.385626678   22.266762478
    2.018097625   28.482088422   34.520440362
    2.021631028   28.626009113   51.709549502
    2.025164430   28.850896913   71.189170549
    2.028697832   29.113456684   73.670029383
    2.032231235   29.345136391   56.330400584
    2.035764637   29.511386206   35.040996932
    2.039298040   29.602282761   19.160347641
    2.042831442   29.666323634   22.593632393
    2.046364844   29.768786542   34.893006045
    2.049898247   29.911796565   44.219621525
    2.053431649   30.043194112   28.944397289
    2.056965051   30.102723650    3.739229656
    2.060498454   30.077663478  -14.281500515
    2.064031856   30.026209782   -9.750532030
    2.067565259   30.030239837   16.131513198
    2.071098661   30.119894971   36.979485106
    2.074632063   30.263984255   39.554731084
    2.078165466   30.376165304   19.184617933
    2.081698868   30.378841615  -11.913150715
    2.085232270   30.320541788  -15.112886885
    2.088765673   30.309980513   12.695926711
    2.092299075   30.397113302   39.807452635
    2.095832478   30.550891485   40.603051361
    2.099365880   30.661689004   16.766815904
    2.102899282   30.687936622    1.448574312
    2.106432685   30.704626320    7.894009663
    2.109966087   30.780471648   35.247923204
    2.113499489   30.939423166   49.499240415
    2.117032892   31.079099937   25.719955135
    2.120566294   31.114792153   -6.899261339
    2.124099697   31.045000105  -25.923220939
    2.127633099   30.984516515   -3.484285070
    2.131166501   31.028156393   33.158102079
    2.134699904   31.201267084   63.419769146
    2.138233306   31.409716209   51.828334368
    2.141766708   31.528753018   16.187686175
    2.145300111   31.523202910  -12.702224613
    2.148833513   31.450519332  -23.219204084
    2.152366916   31.406972844    3.372526381
    2.155900318   31.483204825   40.023175754
    2.159433720   31.666158701   55.723543710
    2.162967123   31.848635398   42.690361994
    2.166500525   31.930305767    2.070884782
    2.170033927   31.884279416  -24.294746585
    2.173567330   31.807708174  -12.226663587
    2.177100732   31.818783248   20.810521915
    2.180634135   31.950473415   47.734248459
    2.184167537   32.117299716   39.242713409
    2.187700939   32.208812673   15.302932997
    2.191234342   32.235006766    2.704878298
    2.194767744   32.257871443   14.758557384
    2.198301146   32.345174249   32.314412613
    2.201834549   32.455924389   26.858968008
    2.205367951   32.512092721    4.126941693
    2.208901354   32.459942046  -31.399107100
    2.212434756   32.322973297  -44.442952187
    2.215968158   32.191140943  -26.774276539
    2.219501561   32.141067019    0.178915791
    2.223034963   32.184060781   23.723464635
    2.226568365   32.275840286   24.695471777
    2.230101768   32.348644571   15.432925918
    2.233635170   32.394802906   10.584453847
    2.237168573   32.428022910    7.708567167
    2.240701975   32.467547861   14.692190932
    2.244235377   32.526713850   20.200437748
    2.247768780   32.610911559   28.075049034
    2.251302182   32.701936599   23.622557152
    2.254835584   32.781802037   20.709278888
    2.258368987   32.853284750   21.245844475
    2.261902389   32.907260734   10.164261993
    2.265435792   32.923767596   -0.420032435
    2.268969194   32.896471654  -12.364339723
    2.272502596   32.854168332   -9.472405805
    2.276035999   32.847601055   11.180153374
    2.279569401   32.904759959   19.255350372
    2.283102803   32.971892166   15.409817728
    2.286636206   33.002297742   -1.065405673
    2.290169608   32.974387337  -13.810637433
    2.293703011   32.917577108  -12.033163326
    2.297236413   32.893288163   -3.309872433
    2.300769815   32.917242888   15.105897125
    2.304303218   32.968067519   13.309318123
    2.307836620   32.997060742    0.396205976
    2.311370022   32.987414204   -4.276448606
    2.314903425   33.006219806   17.007476370
    2.318436827   33.103019357   35.533989034
    2.321970230   33.236830952   36.238292769
    2.325503632   33.341395334   19.460083769
    2.329037034   33.372746202    0.865786074
    2.332570437   33.364156159   -0.868946416
    2.336103839   33.379266899   10.413303945
    2.339637241   33.435814847   20.714724917
    2.343170644   33.514366198   19.955004786
    2.346704046   33.546882124    0.770107125
    2.350237449   33.520340050  -11.616128025
    2.353770851   33.488881697   -1.056051856
    2.357304253   33.516519705   18.445344715
    2.360837656   33.614605921   38.164288533
    2.364371058   33.751460446   39.529203730
    2.367904460   33.861697154   22.530579569
    2.371437863   33.905640230    3.200222484
    2.374971265   33.892942925   -6.288442672
    2.378504668   33.875674791   -4.700774403
    2.382038070   33.880943084    5.661109406
    2.385571472   33.924362202   15.459099767
    2.389104875   33.965289288    7.639018198
    2.392638277   33.972729237   -6.255774547
    2.396171679   33.940717326   -9.306137568
    2.399705082   33.917035377   -2.660839388
    2.403238484   33.923599683    6.950617500
    2.406771887   33.941060667    0.949903941
    2.410305289   33.943876522   -4.078166808
    2.413838691   33.918643035   -8.485022331
    2.417372094   33.886258693   -7.707797546
    2.420905496   33.870732957    0.141009291
    2.424438898   33.872483185    2.704197738
    2.427972301   33.894285893   11.158635740
    2.431505703   33.961427559   31.759014895
    2.435039106   34.100706873   46.282812305
    2.438572508   34.264137028   45.332891697
    2.442105910   34.385118096   21.828159284
    2.445639313   34.412825522   -4.958047133
    2.449172715   34.361477173  -20.784272145
    2.452706117   34.299587486  -13.816321849
    2.456239520   34.303160840   12.817378235
    2.459772922   34.383425020   30.637540325
    2.463306325   34.477308120   21.602676576
    2.466839727   34.529525129    9.834330244
    2.470373129   34.542443626    1.853425857
    2.473906532   34.569243055   14.502913370
    2.477439934   34.640608708   23.050197679
    2.480973336   34.733315088   23.670236421
    2.484506739   34.803328706   18.720713107
    2.488040141   34.834001629    2.211587062
    2.491573544   34.830380573   -0.855909342
    2.495106946   34.826693531   -0.460450387
    2.498640348   34.831000444    2.605479391
    2.502173751   34.841936270    3.255437332
    2.505707153   34.851206003    0.277773144
    2.509240555   34.839543486   -5.072001757
    2.512773958   34.811657597   -9.431772571
    2.516307360   34.766040229  -17.475856963
    2.519840763   34.699976406  -19.607375831
    2.523374165   34.635433281  -13.855922536
    2.526907567   34.625160733    6.280949452
    2.530440970   34.676206674   19.930314017
    2.533974372   34.740054776   16.133051535
    2.537507774   34.776516869    3.421168898
    2.541041177   34.768232021   -6.073091360
    2.544574579   34.766382659    4.451361292
    2.548107982   34.803453861   18.034011762
    2.551641384   34.893833316   29.399438760
    2.555174786   34.990290297   22.218649642
    2.558708189   35.019937900   -2.734224118
    2.562241591   34.987769516  -10.646800370
    2.565774993   34.968840342    7.094008548
    2.569308396   35.048307986   38.344022539
    2.572841798   35.223145858   57.305327945
    2.576375201   35.415251278   46.355172070
    2.579908603   35.517910323   13.756283942
    2.583442005   35.530163414   -3.289416700
    2.586975408   35.505858391   -6.981477129
    2.590508810   35.508104738    5.985425959
    2.594042212   35.546834970   12.660014108
    2.597575615   35.586390605    7.121587528
    2.601109017   35.579363400   -9.811594730
    2.604642420   35.544303986   -9.008042228
    2.608175822   35.525607171   -1.585641007
    2.611709224   35.551433654   17.471649780
    2.615242627   35.649663040   33.539371655
    2.618776029   35.777746308   37.908333583
    2.622309431   35.894860143   24.561794647
    2.625842834   35.953760377    8.669926359
    2.629376236   35.961829721   -2.117372914
    2.632909639   35.959128915    1.832593993
    2.636443041   35.983343938   12.592136402
    2.639976443   36.031163478   16.373889820
    2.643509846   36.092063062   17.067284812
    2.647043248   36.139399868    8.253524752
    2.650576650   36.139104279   -6.515343437
    2.654110053   36.078158485  -23.717909764
    2.657643455   35.992504179  -24.530048479
    2.661176858   35.927444226  -12.039944758
    2.664710260   35.922724163    8.993021406
    2.668243662   35.995781945   28.792891239
    2.671777065   36.103635851   31.274059052
    2.675310467   36.198730338   17.571377373
    2.678843869   36.206028700  -10.077337107
    2.682377272   36.155017406  -12.179851389
    2.685910674   36.139556765    6.206249792
    2.689444077   36.217948149   34.706109717
    2.692977479   36.345903126   33.359988020
    2.696510881   36.421885949    7.422760792
    2.700044284   36.394042118  -19.342317404
    2.703577686   36.314669415  -22.328291795
    2.707111088   36.278297621   -0.455664040
    2.710644491   36.324597608   24.226924027
    2.714177893   36.419027546   23.492136525
    2.717711296   36.461511512    0.480878372
    2.721244698   36.425089601  -17.610372324
    2.724778100   36.365957010   -8.849666910
    2.728311503   36.389276509   21.277924238
    2.731844905   36.487144799   29.723655017
    2.735378307   36.563863199   12.711181627
    2.738911710   36.561926744  -13.782042912
    2.742445112   36.492715988  -19.421443385
    2.745978515   36.463030757    5.216726414
    2.749511917   36.524356116   30.786364474
    2.753045319   36.661032509   41.062634079
    2.756578722   36.785872845   29.715611763
    2.760112124   36.855642311   10.833815801
    2.763645526   36.871428208    0.477114853
    2.767178929   36.873399416    1.260699921
    2.770712331   36.884008321    3.860845760
    2.774245734   36.889339802   -4.997240100
    2.777779136   36.845848750  -19.653777544
    2.781312538   36.774053720  -18.894466145
    2.784845941   36.725916093   -6.269152076
    2.788379343   36.727626120    6.372006285
    2.791912745   36.772771699   18.438832718
    2.795446148   36.838582716   15.442672527
    2.798979550   36.875988459    4.872210098
    2.802512953   36.883823893    2.434892209
    2.806046355   36.893571829   11.341628424
    2.809579757   36.955144996   25.288497396
    2.813113160   37.068864044   36.148498651
    2.816646562   37.212493880   42.871357206
    2.820179964   37.367325866   42.418052402
    2.823713367   37.507806718   33.564877388
    2.827246769   37.612610333   22.021345559
    2.830780172   37.654975083    2.861246556
    2.834313574   37.643513347   -7.350185832
    2.837846976   37.620273655   -5.611555046
    2.841380379   37.610074670   -2.713498616
    2.844913781   37.615374892    1.989847241
    2.848447183   37.608768033   -6.630733990
    2.851980586   37.563811678  -17.382255814
    2.855513988   37.494239480  -22.766675564
    2.859047391   37.409711610  -22.766456182
    2.862580793   37.365680331   -4.563115002
    2.866114195   37.356627910    1.465775888
    2.869647598   37.379879799   11.116380165
    2.873181000   37.427251140   17.025983127
    2.876714402   37.491723675   23.741568604
    2.880247805   37.580768862   26.702804907
    2.883781207   37.668055131   17.702841728
    2.887314609   37.715485212    8.270139723
    2.890848012   37.736168348    1.504474991
    2.894381414   37.738716655   -1.063537991
    2.897914817   37.727225948   -4.842902378
    2.901448219   37.709570451   -3.214488045
    2.904981621   37.716007248    8.407463042
    2.908515024   37.771717581   22.768401008
    2.912048426   37.880293780   33.749377278
    2.915581828   38.008101325   35.894628108
    2.919115231   38.090577557   10.839180557
    2.922648633   38.073415595  -17.570930103
    2.926182036   37.987079071  -33.247010817
    2.929715438   37.871055206  -27.907730767
    2.933248840   37.798400977  -15.587396602
    2.936782243   37.763123505   -4.810372138
    2.940315645   37.748486341   -2.348752818
    2.943849047   37.725933907   -6.170391386
    2.947382450   37.698828159   -8.120656630
    2.950915852   37.680517031   -2.262834634
    2.954449255   37.673352691   -2.555281779
    2.957982657   37.673698455    1.250658793
    2.961516059   37.686993284    3.455844483
    2.965049462   37.702979135    5.507859932
    2.968582864   37.716143249    4.899576309
    2.972116266   37.731500009    1.743828717
    2.975649669   37.725784491   -3.200957018
    2.979183071   37.699994294  -12.468958315
    2.982716474   37.649108235  -15.160721591
    2.986249876   37.618113807   -3.827064274
    2.989783278   37.628585024   11.817131259
    2.993316681   37.688193319   19.633623265
    2.996850083   37.752060685   12.903203098
    3.000383485   37.791865651    8.552581278
    3.003916888   37.807619188    1.851654393
    3.007450290   37.822796748    6.751238123
    3.010983693   37.854460998   13.362904821
    3.014517095   37.903194250   12.166476162
    3.018050497   37.918123042   -3.008807883
    3.021583900   37.904332570   -8.585259168
    3.025117302   37.872268345  -10.149644117
    3.028650704   37.842633136   -8.722395545
    3.032184107   37.814296641   -8.984273991
    3.035717509   37.793395939   -3.022300915
    3.039250912   37.783526313   -2.346133307
    3.042784314   37.794473235    4.870576545
    3.046317716   37.817715494    7.730849359
    3.049851119   37.827566344   -4.236792265
    3.053384521   37.789540029  -14.016679432
    3.056917923   37.723613557  -23.225773761
    3.060451326   37.649416461  -18.162430598
    3.063984728   37.600390957  -10.146093894
    3.067518131   37.578166640   -2.380394546
    3.071051533   37.580717676    2.583085603
    3.074584935   37.591762781    5.019934801
    3.078118338   37.626640715   14.726043773
    3.081651740   37.697708948   24.378616471
    3.085185142   37.785550328   24.045003793
    3.088718545   37.858667150   14.871743158
    3.092251947   37.901212454    5.189969395
    3.095785350   37.906389621   -3.436407350
    3.099318752   37.880438034  -14.458615251
    3.102852154   37.819038067  -20.612365994
    3.106385557   37.749536512  -19.560656833
    3.109918959   37.693919131   -7.904685711
    3.113452361   37.702497236    9.209535318
    3.116985764   37.758070992   20.906830410
    3.120519166   37.815383808    8.851637897
    3.124052569   37.796679271  -17.602072974
    3.127585971   37.709587153  -29.935903538
    3.131119373   37.602695661  -25.826363218
    3.134652776   37.540287436   -6.234197778
    3.138186178   37.568320275   17.923831703
    3.141719580   37.635548250   16.008386805
    3.145252983   37.670408883    4.744097195
    3.148786385   37.658057631   -6.247624314
    3.152319788   37.655512083    6.184851311
    3.155853190   37.703269267   21.784822654
    3.159386592   37.775377054   13.099693854
    3.162919995   37.776829780  -13.861788305
    3.166453397   37.686362090  -33.073931385
    3.169986799   37.563344807  -33.766201557
    3.173520202   37.496031752   -1.198803566
    3.177053604   37.528582179   15.741896473
    3.180587007   37.585067827   11.634857188
    3.184120409   37.595424100   -8.818918145
    3.187653811   37.536198960  -22.231374876
    3.191187214   37.454203531  -18.272060023
    3.194720616   37.413320750   -5.179071061
    3.198254018   37.414814567   -0.188920978
    3.201787421   37.407828288   -5.585806130
    3.205320823   37.363011943  -14.444414578
    3.208854226   37.328072182   -4.919132106
    3.212387628   37.344523325   14.085926548
    3.215921030   37.413270332   22.639664570
    3.219454433   37.464549153    6.251672732
    3.222987835   37.435548211  -21.549739274
    3.226521237   37.332037143  -34.129839452
    3.230054640   37.199781304  -37.168754970
    3.233588042   37.094534167  -18.602579960
    3.237121445   37.057773395   -4.136574819
    3.240654847   37.052526891   -1.172830524
    3.244188249   37.046478556   -1.418238522
    3.247721652   37.020671312  -10.849728850
    3.251255054   36.982162421   -6.210785140
    3.254788456   36.985472880    9.801201723
    3.258321859   37.058952670   28.502216981
    3.261855261   37.158809324   23.432080882
    3.265388664   37.200079167   -1.307776105
    3.268922066   37.139866443  -30.034102929
    3.272455468   37.030865239  -30.692648158
    3.275988871   36.949771839  -14.051946181
    3.279522273   36.943032195   11.048291703
    3.283055675   37.008362316   20.914589713
    3.286589078   37.056596412    7.550129460
    3.290122480   37.062535798   -3.189421488
    3.293655883   37.054758454    0.407431664
    3.297189285   37.059168242    4.399631845
    3.300722687   37.066478829   -1.555411366
    3.304256090   37.037282755  -15.701556884
    3.307789492   36.945755979  -34.660568190
    3.311322894   36.818486516  -30.841131211
    3.314856297   36.760061277    0.779875838
    3.318389699   36.803624418   22.453815767
    3.321923102   36.881160957   22.435760023
    3.325456504   36.924588238    3.421298658
    3.328989906   36.911111357   -8.193962300
    3.332523309   36.874194104  -13.356933193
    3.336056711   36.855882820    3.657337547
    3.339590113   36.889298633   15.559326295
    3.343123516   36.957955794   18.285115558
    3.346656918   37.005819467    4.408638368
    3.350190321   37.007735723    1.683290498
    3.353723723   37.018338994    7.827152569
    3.357257125   37.061534669   18.626074214
    3.360790528   37.139065278   21.464281080
    3.364323930   37.209156931   14.766063097
    3.367857332   37.240512506    4.761865908
    3.371390735   37.252111470    1.439340820
    3.374924137   37.250233205   -1.136072865
    3.378457540   37.266112398    9.802818603
    3.381990942   37.300560078   13.317524085
    3.385524344   37.341738703    6.985335472
    3.389057747   37.340850578   -6.184759425
    3.392591149   37.287689172  -18.088332740
    3.396124551   37.219730622  -19.870116301
    3.399657954   37.154832622  -13.615834099
    3.403191356   37.098893150  -19.619228347
    3.406724759   37.022561019  -23.325552464
    3.410258161   36.946387994  -20.581217670
    3.413791563   36.875720980  -17.668124929
    3.417324966   36.833064836   -6.915990684
    3.420858368   36.827704136    0.383939306
    3.424391770   36.818409561   -4.988260968
    3.427925173   36.785760642  -10.487840722
    3.431458575   36.749407494   -8.777832975
    3.434991978   36.750358204   10.553438930
    3.438525380   36.822733002   25.702801518
    3.442058782   36.937359729   36.435605780
    3.445592185   37.045525712   22.523138132
    3.449125587   37.096513163    6.227831575
    3.452658989   37.083084540   -8.231184383
    3.456192392   37.050172480   -9.971815016
    3.459725794   37.043859550    6.711425267
    3.463259197   37.075613126    8.811139355
    3.466792599   37.098408230   -2.104334363
    3.470326001   37.058194578  -16.835566639
    3.473859404   36.988402410  -17.804101423
    3.477392806   36.935462437   -8.059874768
    3.480926208   36.935777196    5.641767374
    3.484459611   36.958809220    6.824321083
    3.487993013   36.955985931   -9.531574611
    3.491526416   36.883693535  -27.662121309
    3.495059818   36.772951245  -26.939637283
    3.498593220   36.710253724   -8.722921380
    3.502126623   36.699254540    2.208038561
    3.505660025   36.708924003    2.295636003
    3.509193427   36.711804350   -1.193947144
    3.512726830   36.727919541   11.987009387
    3.516260232   36.802071685   29.446353061
    3.519793635   36.929191912   38.314178761
    3.523327037   37.031697569   16.497167263
    3.526860439   37.036456213  -14.275123441
    3.530393842   36.947104842  -31.941495512
    3.533927244   36.834714728  -27.864078235
    3.537460646   36.769085650   -7.775694519
    3.540994049   36.764622952    5.172961082
    3.544527451   36.787996018    7.754135743
    3.548060854   36.808346220    3.601741600
    3.551594256   36.820570466    3.517188239
    3.555127658   36.839346643    7.800106158
    3.558661061   36.876314175   12.795686757
    3.562194463   36.896275072    0.310377712
    3.565727865   36.875533145   -7.392327257
    3.569261268   36.830669938  -15.847743638
    3.572794670   36.784523709   -8.556586161
    3.576328073   36.770297881    1.633503287
    3.579861475   36.806075463   13.947457394
    3.583394877   36.860322144   14.426281280
    3.586928280   36.908036802   13.966427998
    3.590461682   36.943561702    6.952612643
    3.593995084   36.972397665    8.039837999
    3.597528487   37.000381265    3.713792367
    3.601061889   36.978616939  -14.029955690
    3.604595292   36.900655498  -27.599049786
    3.608128694   36.806833796  -21.594960348
    3.611662096   36.759362046   -5.522528009
    3.615195499   36.782375418   20.617346519
    3.618728901   36.881085379   35.563648722
    3.622262303   37.000960185   29.206150703
    3.625795706   37.080615391   15.889970314
    3.629329108   37.116727392    6.685713998
    3.632862511   37.124627925   -0.079938725
    3.636395913   37.149278903   14.981613529
    3.639929315   37.202515587   15.228023323
    3.643462718   37.231843205   -0.749786171
    3.646996120   37.193818111  -17.913531739
    3.650529522   37.105733856  -32.516060438
    3.654062925   36.988270971  -31.279163484
    3.657596327   36.881267781  -25.835056041
    3.661129730   36.796139116  -21.160614852
    3.664663132   36.739681663  -11.230687478
    3.668196534   36.711830390   -6.109755759
    3.671729937   36.696541989   -0.331726048
    3.675263339   36.706039449    3.829484367
    3.678796741   36.742202270   12.944392331
    3.682330144   36.794029530   15.092851988
    3.685863546   36.855291826   19.630270768
    3.689396949   36.914569898   15.163233346
    3.692930351   36.940602172    0.432152639
    3.696463753   36.929968347   -7.944575466
    3.699997156   36.881121752  -16.681306280
    3.703530558   36.804236903  -27.857568892
    3.707063960   36.724353022  -18.733784548
    3.710597363   36.662431869  -16.212063920
    3.714130765   36.601548370  -12.706049525
    3.717664168   36.579703813    4.227168566
    3.721197570   36.621595050   19.907529007
    3.724730972   36.706086959   25.314883964
    3.728264375   36.779254753   14.267044933
    3.731797777   36.801852010    1.051379959
    3.735331179   36.806667871    2.702233900
    3.738864582   36.826480565   11.956393505
    3.742397984   36.877199346   16.794090557
    3.745931387   36.931408126    9.764863595
    3.749464789   36.939504308   -9.028191660
    3.752998191   36.872973511  -29.167569198
    3.756531594   36.771268644  -25.197832198
    3.760064996   36.722936966   -1.143398536
    3.763598398   36.766512831   25.732745013
    3.767131801   36.875531501   30.978546656
    3.770665203   36.940609062    3.630725420
    3.774198606   36.900955590  -23.450774346
    3.777732008   36.805789364  -27.725325757
    3.781265410   36.724134627  -16.290827643
    3.784798813   36.687846657   -0.036536657
    3.788332215   36.698810206    3.684428586
    3.791865617   36.710921428    0.610287121
    3.795399020   36.707213888   -2.269271580
    3.798932422   36.712451329    7.489834606
    3.802465825   36.748561471    9.854379640
    3.805999227   36.779271489    2.170968650
    3.809532629   36.750153398  -17.281586863
    3.813066032   36.673073298  -23.086933164
    3.816599434   36.622653856   -1.025505727
    3.820132836   36.671127792   26.579329960
    3.823666239   36.797560419   39.421332992
    3.827199641   36.919937890   23.005591218
    3.830733044   36.950142550   -6.348477828
    3.834266446   36.894642522  -19.629836347
    3.837799848   36.837185285  -10.905509020
    3.841333251   36.807357223   -3.954313470
    3.844866653   36.811400173    0.629227423
    3.848400055   36.786328940  -15.022686055
    3.851933458   36.698814829  -30.836078406
    3.855466860   36.589238681  -25.038431462
    3.859000263   36.537235502   -4.446027288
    3.862533665   36.568737845   16.993712112
    3.866067067   36.643151251   22.726410554
    3.869600470   36.708816066   15.450340448
    3.873133872   36.758138605   12.168035806
    3.876667274   36.813132543   18.647613011
    3.880200677   36.875167266   16.987028134
    3.883734079   36.919291001    1.482717868
    3.887267482   36.882028998  -20.467548638
    3.890800884   36.782414624  -33.280678103
    3.894334286   36.681847336  -21.418235411
    3.897867689   36.624034044  -11.539879655
    3.901401091   36.596238334   -8.033606900
    3.904934493   36.552534924  -17.869353603
    3.908467896   36.480231966  -20.429382820
    3.912001298   36.433908613    0.209273214
    3.915534701   36.493867155   31.690776045
    3.919068103   36.636647978   47.565620843
    3.922601505   36.788579992   39.403457112
    3.926134908   36.893382798   19.033469269
    3.929668310   36.938873942    7.256043251
    3.933201712   36.959982805    2.020247586
    3.936735115   36.966393916    0.016526530
    3.940268517   36.954174809   -5.163105522
    3.943801920   36.914894275  -16.442512918
    3.947335322   36.855027732  -14.556958465
    3.950868724   36.829460952    2.169169655
    3.954402127   36.864154174   14.699058444
    3.957935529   36.920515677   17.664239535
    3.961468931   36.965317390    6.371833242
    3.965002334   36.971273156   -3.685339141
    3.968535736   36.954788647   -3.904674403
    3.972069139   36.962221140    6.552908376
    3.975602541   36.988712618    3.525272067
    3.979135943   36.985225886   -4.667996480
    3.982669346   36.946824583  -17.152401623
    3.986202748   36.880644341  -16.746558654
    3.989736150   36.836852061   -5.984519138
    3.993269553   36.831540391    2.650088035
    3.996802955   36.822437467   -6.790178699
    4.000336358   36.776860002  -21.371008240
    4.003869760   36.681563598  -31.506757328
    4.007403162   36.594189828  -13.414194921
    4.010936565   36.591035688   16.174120275
    4.014469967   36.686752081   35.796903866
    4.018003369   36.826068543   40.577017208
    4.021536772   36.937614394   20.788248455
    4.025070174   36.976538513   -0.372691153
    4.028603577   36.951997318  -10.602379761
    4.032136979   36.898596420  -18.311825606
    4.035670381   36.840938805  -13.648237673
    4.039203784   36.806964355   -4.124394813
    4.042737186   36.830233308   15.595131632
    4.046270588   36.887768027   17.495773762
    4.049803991   36.960286650   22.070051667
    4.053337393   37.022426801    9.023811965
    4.056870796   37.035404152   -2.636824265
    4.060404198   36.993317362  -19.897755511
    4.063937600   36.909543094  -26.509884324
    4.067471003   36.823617990  -19.982787776
    4.071004405   36.766327569  -12.021039417
    4.074537807   36.749386921    2.026236685
    4.078071210   36.790489715   18.505252974
    4.081604612   36.846483971   17.721003595
    4.085138015   36.886618875    4.591254848
    4.088671417   36.875902457   -9.262638565
    4.092204819   36.832979556  -10.711540480
    4.095738222   36.815750726   -2.068482173
    4.099271624   36.836634140   13.570758984
    4.102805026   36.887579785   12.075117792
    4.106338429   36.915349248    3.328075177
    4.109871831   36.913979220   -2.988519619
    4.113405234   36.918502591    5.810581093
    4.116938636   36.959722970   20.803773023
    4.120472038   37.056584244   29.926799970
    4.124005441   37.145934148   17.847382597
    4.127538843   37.160432435   -8.717395741
    4.131072245   37.090890253  -25.706953164
    4.134605648   37.019028458  -10.726948649
    4.138139050   37.035482767   15.601026569
    4.141672453   37.102605750   19.452475182
    4.145205855   37.136664933   -1.390144100
    4.148739257   37.079778073  -31.696039503
    4.152272660   36.941574402  -40.977654805
    4.155806062   36.816793267  -25.247949416
    4.159339464   36.761383124   -3.115642977
    4.162872867   36.773116773    7.977970856
    4.166406269   36.789526934   -7.154531168
    4.169939672   36.748158430  -16.538925894
    4.173473074   36.674127871  -25.096156995
    4.177006476   36.599078583  -19.411587978
    4.180539879   36.551113194   -7.583754324
    4.184073281   36.537934670    0.430165320
    4.187606683   36.533116790   -6.448548607
    4.191140086   36.494008669  -14.124677187
    4.194673488   36.441392338  -14.512407229
    4.198206891   36.389847331  -10.570604262
    4.201740293   36.386395317    9.488197603
    4.205273695   36.439605517   19.729274667
    4.208807098   36.510682487   14.503737536
    4.212340500   36.538306006    3.760416600
    4.215873902   36.538561461   -4.827693948
    4.219407305   36.528848320   -0.150188443
    4.222940707   36.529876686    2.775472108
    4.226474109   36.544409758    8.111280324
    4.230007512   36.571158985   11.217655009
    4.233540914   36.603532072    4.983576930
    4.237074317   36.632447275    4.680637659
    4.240607719   36.646863627    2.788346433
    4.244141121   36.649267617   -4.745169279
    4.247674524   36.618627124  -14.445462648
    4.251207926   36.555710434  -18.082934013
    4.254741328   36.514706859   -3.013901643
    4.258274731   36.544678104   17.975895556
    4.261808133   36.644244490   36.338264662
    4.265341536   36.764951471   29.677716785
    4.268874938   36.816577141    1.961881922
    4.272408340   36.789934961  -15.900544555
    4.275941743   36.716570171  -21.050541268
    4.279475145   36.678793137    0.466950878
    4.283008547   36.709201582   15.088919303
    4.286541950   36.761597148    9.127690397
    4.290075352   36.765259101   -6.477498082
    4.293608755   36.716427238  -16.301373347
    4.297142157   36.677525171   -3.043118702
    4.300675559   36.685470697    7.282570904
    4.304208962   36.705514165    3.131241289
    4.307742364   36.699206616  -11.288941347
    4.311275766   36.638718352  -18.888173926
    4.314809169   36.583679874   -9.204779048
    4.318342571   36.572598232    4.359036985
    4.321875974   36.594988916    5.095561474
    4.325409376   36.606198027   -1.720206361
    4.328942778   36.581083483  -13.667070430
    4.332476181   36.528539349  -14.247503578
    4.336009583   36.502678400    1.408699834
    4.339542985   36.530557412   16.668677752
    4.343076388   36.605526579   21.757061981
    4.346609790   36.666841501   10.797951263
    4.350143193   36.698129487    4.959135563
    4.353676595   36.696255471   -2.774138241
    4.357209997   36.675807707   -9.826720799
    4.360743400   36.636790877  -10.721658922
    4.364276802   36.605281357   -5.145393510
    4.367810204   36.602729667    1.123905330
    4.371343607   36.599877826   -5.690721437
    4.374877009   36.580456347   -5.933306022
    4.378410412   36.550550757   -6.163598484
    4.381943814   36.552066791    8.306523823
    4.385477216   36.610207987   26.143364426
    4.389010619   36.710518039   28.030493847
    4.392544021   36.763269396    1.489490062
    4.396077423   36.725898332  -22.455283526
    4.399610826   36.620533173  -32.541477424
    4.403144228   36.533629396  -15.999896918
    4.406677631   36.541033632   15.471314512
    4.410211033   36.630603303   33.136938754
    4.413744435   36.753607384   31.357519953
    4.417277838   36.830724209   12.116835323
    4.420811240   36.859642824    2.911384015
    4.424344642   36.854972852   -4.236963746
    4.427878045   36.819425539  -14.618355592
    4.431411447   36.762914928  -18.793646022
    4.434944850   36.690885353  -19.287514118
    4.438478252   36.639580186   -9.535541800
    4.442011654   36.607476337   -6.724923494
    4.445545057   36.599044929   -2.349845876
    4.449078459   36.585115505   -4.794189191
    4.452611861   36.565650177   -6.579077411
    4.456145264   36.568431646   12.766998600
    4.459678666   36.646262004   31.775900383
    4.463212069   36.773108868   40.426774622
    4.466745471   36.912056369   33.690989623
    4.470278873   36.993745751   11.353240570
    4.473812276   36.980553626  -18.565579673
    4.477345678   36.896992480  -29.294027476
    4.480879080   36.800452328  -23.979538051
    4.484412483   36.737685759  -13.123732487
    4.487945885   36.705521617   -4.692779624
    4.491479288   36.692452754   -3.935648990
    4.495012690   36.676228477   -6.014676776
    4.498546092   36.656208040   -3.243329210
    4.502079495   36.656659259    1.577042538
    4.505612897   36.676604893    8.358098142
    4.509146299   36.713885410   12.221813133
    4.512679702   36.740574522    4.591191144
    4.516213104   36.737714386   -9.005212336
    4.519746507   36.686920135  -20.394647394
    4.523279909   36.612132544  -19.325524901
    4.526813311   36.571187595   -0.107928918
    4.530346714   36.604602816   17.063814717
    4.533880116   36.682666980   23.692823041
    4.537413518   36.751465445   12.133717229
    4.540946921   36.754499174   -9.320517590
    4.544480323   36.698644876  -13.874915797
    4.548013726   36.675069331    4.428923802
    4.551547128   36.709764419   14.835976315
    4.555080530   36.761780017    8.775499649
    4.558613933   36.759995009  -10.024672632
    4.562147335   36.703385981  -20.209791918
    4.565680737   36.647633475   -9.029706798
    4.569214140   36.640972038    9.339100907
    4.572747542   36.690105001   17.155801778
    4.576280945   36.743301006    7.778649712
    4.579814347   36.756371037   -1.352204165
    4.583347749   36.744935253   -5.122308367
    4.586881152   36.743802366    3.192255129
    4.590414554   36.757655916    1.374384746
    4.593947956   36.753136878   -7.234455667
    4.597481359   36.703020558  -19.152665423
    4.601014761   36.627908526  -22.351134146
    4.604548164   36.576650627   -7.231016093
    4.608081566   36.577566780    6.611112770
    4.611614968   36.599016779    2.832673404
    4.615148371   36.577515665  -11.099782986
    4.618681773   36.537625083   -5.223521215
    4.622215175   36.553530316   19.064069090
    4.625748578   36.660385458   38.723908916
    4.629281980   36.805705610   38.638269307
    4.632815383   36.909315627   15.835548589
    4.636348785   36.909893789  -12.407665841
    4.639882187   36.837218209  -21.778277972
    4.643415590   36.762803515  -17.282334049
    4.646948992   36.719133090  -11.457009587
    4.650482394   36.691801516   -7.489884910
    4.654015797   36.652590555  -12.104068708
    4.657549199   36.592238894  -18.567182213
    4.661082602   36.535395122  -11.878302956
    4.664616004   36.511715227   -0.146585810
    4.668149406   36.519759986    3.433215751
    4.671682809   36.519404971   -3.952422565
    4.675216211   36.505207116   -5.526996663
    4.678749613   36.484689135   -4.201407759
    4.682283016   36.462722038  -11.804986486
    4.685816418   36.413930311  -14.722646988
    4.689349821   36.352005694  -16.665870717
    4.692883223   36.293270849  -13.199132052
    4.696416625   36.261863315   -1.773326016
    4.699950028   36.294587515   17.955861138
    4.703483430   36.387037397   34.070795052
    4.707016832   36.527194373   46.223411296
    4.710550235   36.698287934   47.757782439
    4.714083637   36.838819204   31.237420409
    4.717617040   36.901889351    0.621329712
    4.721150442   36.859651303  -21.244547732
    4.724683844   36.766697854  -24.059145511
    4.728217247   36.696186583  -10.684716886
    4.731750649   36.690976864    1.322093747
    4.735284051   36.683832991   -5.527288747
    4.738817454   36.631719294  -20.965240989
    4.742350856   36.545719457  -25.917044628
    4.745884259   36.501174655   -0.382013381
    4.749417661   36.530362050   16.197834099
    4.752951063   36.581349419   10.825048317
    4.756484466   36.603179832   -1.215423810
    4.760017868   36.573269779   -9.606827642
    4.763551270   36.547945760   -0.088212629
    4.767084673   36.585408201   21.157284832
    4.770618075   36.676182292   20.874014287
    4.774151478   36.713632469   -2.693641286
    4.777684880   36.661925642  -23.191901967
    4.781218282   36.581711540  -16.321279349
    4.784751685   36.567408587   10.816395270
    4.788285087   36.647399641   26.997662626
    4.791818489   36.727704689   11.439600684
    4.795351892   36.703764559  -19.968246315
    4.798885294   36.609811331  -27.257491983
    4.802418697   36.567182879    4.501978768
    4.805952099   36.656776505   42.806177374
    4.809485501   36.834114919   49.628912937
    4.813018904   36.955528093   13.232751025
    4.816552306   36.928598670  -25.511778901
    4.820085708   36.801145838  -39.314211523
    4.823619111   36.689704140  -20.275304896
    4.827152513   36.669150399    5.869508293
    4.830685916   36.713706498   14.290490087
    4.834219318   36.741413843    2.590435137
    4.837752720   36.734792114   -5.144309762
    4.841286123   36.719682562   -3.966019493
    4.844819525   36.729605503   10.136697716
    4.848352927   36.787427356   22.356543189
    4.851886330   36.868159011   22.339635324
    4.855419732   36.922380701    8.238239532
    4.858953135   36.932014506   -4.167887907
    4.862486537   36.900483008  -15.069531104
    4.866019939   36.828688035  -21.839303247
    4.869553342   36.755668869  -19.547522835
    4.873086744   36.709802450  -10.584500599
    4.876620146   36.694427336   -2.108360743
    4.880153549   36.687735583   -3.090696523
    4.883686951   36.662589653  -13.617029211
    4.887220354   36.601024055  -17.033583591
    4.890753756   36.556449757   -7.188352692
    4.894287158   36.561470947    8.354054063
    4.897820561   36.609925636   19.341460476
    4.901353963   36.675952974   15.009722762
    4.904887365   36.710401078    3.926561388
    4.908420768   36.702175396   -9.021369172
    4.911954170   36.662450674  -12.953618174
    4.915487573   36.634342028    1.355795573
    4.919020975   36.670942201   20.632286523
    4.922554377   36.761489247   26.990198910
    4.926087780   36.845065037   16.553148113
    4.929621182   36.869017362   -4.688943104
    4.933154584   36.823925638  -18.211865429
    4.936687987   36.748430306  -17.390429748
    4.940221389   36.710380938   -5.609864841
    4.943754792   36.709700247    2.448776562
    4.947288194   36.733068359    6.416517329
    4.950821596   36.746863418    5.615430537
    4.954354999   36.764158269    7.508507225
    4.957888401   36.801425143   13.987438775
    4.961421803   36.858060295   14.618854448
    4.964955206   36.902290458    8.627148494
    4.968488608   36.902486478   -5.062731253
    4.972022011   36.861291477  -16.289535597
    4.975555413   36.809260843  -13.135533110
    4.979088815   36.764602889  -10.372334949
    4.982622218   36.737096995   -5.763738777
    4.986155620   36.723123881   -2.552921708
    4.989689022   36.709187819   -8.544076229
    4.993222425   36.673477917  -13.836634797
    4.996755827   36.610637596  -17.977128438
    5.000289230   36.563783729   -6.690686594
    5.003822632   36.588869023   23.709820710
    5.007356034   36.737828841   57.065941594
    5.010889437   36.955806382   60.356614326
    5.014422839   37.133709343   37.167059750
    5.017956241   37.206304086    1.989314060
    5.021489644   37.189683269   -6.000203838
    5.025023046   37.166303652   -0.782516450
    5.028556449   37.184136856    5.853906198
    5.032089851   37.204157874    1.880948691
    5.035623253   37.190489412  -12.908974326
    5.039156656   37.113780037  -25.151647911
    5.042690058   37.040214550  -17.938095930
    5.046223460   37.017302023    4.856306708
    5.049756863   37.050127414   11.587296254
    5.053290265   37.079703907    4.320592553
    5.056823668   37.080555709   -0.602324678
    5.060357070   37.083171384    2.852100309
    5.063890472   37.135319704   22.808608074
    5.067423875   37.221419666   24.213439120
    5.070957277   37.276396027    3.467932364
    5.074490679   37.254805722  -11.964575775
    5.078024082   37.225994148   -3.132320017
    5.081557484   37.250946458   18.017358495
    5.085090887   37.341861579   29.697272488
    5.088624289   37.436905415   20.076311029
    5.092157691   37.479466954    1.512944895
    5.095691094   37.455273197  -11.080593197
    5.099224496   37.410599777  -13.274612324
    5.102757898   37.392672666    2.440105087
    5.106291301   37.396998879   -3.359587927
    5.109824703   37.345708822  -22.517790992
    5.113358106   37.265261919  -26.532457448
    5.116891508   37.201373206   -5.550289168
    5.120424910   37.219683761   10.870766843
    5.123958313   37.283336819   19.809933709
    5.127491715   37.338886731   11.913004397
    5.131025117   37.355391922   -3.777378867
    5.134558520   37.349292398   -2.029106643
    5.138091922   37.357770079    4.757164603
    5.141625325   37.383386579    9.069377239
    5.145158727   37.418326943    9.420460129
    5.148692129   37.448357812    7.688828323
    5.152225532   37.460279725    1.414626940
    5.155758934   37.465359308    1.241148744
    5.159292336   37.468773193    2.037666817
    5.162825739   37.478854301   -1.193144112
    5.166359141   37.457196679  -12.035849041
    5.169892544   37.395174512  -16.739113771
    5.173425946   37.334564894  -16.335938191
    5.176959348   37.293140599   -8.127208999
    5.180492751   37.280698998    4.019420306
    5.184026153   37.314064381    8.724849851
    5.187559555   37.333831653    1.980257664
    5.191092958   37.311967539  -19.659883796
    5.194626360   37.227379097  -30.742876275
    5.198159763   37.133584230  -20.060300201
    5.201693165   37.106656175    4.100238630
    5.205226567   37.180015747   32.815961908
    5.208759970   37.323499411   41.489839154
    5.212293372   37.448982291   26.036824887
    5.215826774   37.508284711    7.941987796
    5.219360177   37.529885836    7.998602663
    5.222893579   37.567405998   14.780641654
    5.226426982   37.642564985   21.949292513
    5.229960384   37.699712162   10.384992683
    5.233493786   37.708376436   -7.762165836
    5.237027189   37.650437496  -21.341060849
    5.240560591   37.583984513  -12.054319082
    5.244093993   37.571218339    6.009729568
    5.247627396   37.631388293   22.696411793
    5.251160798   37.720612144   25.031257021
    5.254694201   37.783630742    7.837069362
    5.258227603   37.773743387  -11.255170068
    5.261761005   37.706367803  -26.818678979
    5.265294408   37.630261922  -14.715866447
    5.268827810   37.604877045    2.003668987
    5.272361212   37.643541988   17.833721938
    5.275894615   37.711755726   21.296168404
    5.279428017   37.775642600   12.841910453
    5.282961420   37.817120868   11.670052329
    5.286494822   37.863689426   16.568334457
    5.290028224   37.933423083   19.843189934
    5.293561627   38.000149517   15.920212443
    5.297095029   38.049541801    9.942291706
    5.300628431   38.069078167    5.379954877
    5.304161834   38.094523531    9.506954252
    5.307695236   38.135295407   11.812220927
    5.311228639   38.185050930   14.534488445
    5.314762041   38.214753962    1.822760217
    5.318295443   38.187603889  -18.175454553
    5.321828846   38.124936046  -12.561920721
    5.325362248   38.103701942    0.406699346
    5.328895650   38.147863310   24.032155644
    5.332429053   38.239968421   26.211083455
    5.335962455   38.326900369   22.340633486
    5.339495858   38.387349829   17.044692991
    5.343029260   38.443174271   16.515071736
    5.346562662   38.506083992   21.130759459
    5.350096065   38.570161547   13.105152261
    5.353629467   38.597430127   -0.184896335
    5.357162869   38.566405237  -10.928722970
    5.360696272   38.522774092  -10.270561317
    5.364229674   38.532176203   13.173136612
    5.367763077   38.624274021   37.052191126
    5.371296479   38.745693868   28.155756865
    5.374829881   38.814350952    9.103579943
    5.378363284   38.822407388   -3.143419562
    5.381896686   38.823778945    6.462249831
    5.385430088   38.878491145   28.054705004
    5.388963491   38.995309543   31.702808529
    5.392496893   39.096021850   21.307295929
    5.396030296   39.129446602   -4.765897560
    5.399563698   39.113207427   -1.872078260
    5.403097100   39.129079386   16.317528491
    5.406630503   39.233822846   41.442012617
    5.410163905   39.390413325   39.588667321
    5.413697307   39.481767369   10.667109993
    5.417230710   39.471739565  -13.988037265
    5.420764112   39.418000445  -10.493887653
    5.424297515   39.414608649   11.596187824
    5.427830917   39.498656165   36.120415791
    5.431364319   39.642463140   45.736334268
    5.434897722   39.806518021   42.341102699
    5.438431124   39.963841664   43.568474099
    5.441964526   40.087223910   25.709686243
    5.445497929   40.146393193    2.766005255
    5.449031331   40.114631311  -18.921396299
    5.452564734   40.043933744  -13.092114736
    5.456098136   40.072583900   37.199373405
    5.459631538   40.311339977   93.456879252
    5.463164941   40.681476072   97.504813288
    5.466698343   40.885783050   -0.140082615
    5.470231745   40.603046625 -156.013956584
    5.473765148   39.909474932 -202.720125483
    5.477298550   39.440041417  -26.330599845
    5.480831953   39.897398144  282.143670345
    5.484365355   41.241951575  417.322806481
    5.487898757   42.285776942   88.331830411
    5.491432160   41.454292567 -575.181001403
    5.494965562   38.590946033 -911.917625866
    5.498498964   36.470869421  -23.928187827
    5.502032367   40.423753478 2530.324891656
    5.505565769   55.769023160 6261.247841117
    5.509099172   84.572267880 9900.076207972
    5.512632574  124.001078582 12091.142843406
    5.516165976  167.488464892 12164.207795927
    5.519699379  207.774278839 10393.967184325
    5.523232781  239.813995831 7667.815906454
    5.526766183  261.970766005 4937.173618706
    5.530299586  275.411930855 2793.082418750
    5.533832988  282.593088833 1387.707471137
    5.537366391  285.952768242  597.891636574
    5.540899793  287.277998688  206.062039220
    5.544433195  287.689098947   53.089657245
    5.547966598  287.773158201    6.125132990
    5.551500000  287.779036010    0.160958719
