#! FIELDS D0 file.free der_D0
#! SET min_D0 0.190777
#! SET max_D0 5.55216
#! SET nbins_D0  1518
#! SET periodic_D0 false
    0.190777000  321.825194216   -0.375206874
    0.194311201  321.818421755   -5.301277748
    0.197845402  321.747465463  -43.155132053
    0.201379603  321.426584825 -157.691475336
    0.204913804  320.460239160 -422.066415158
    0.208448005  318.114515691 -961.402603383
    0.211982206  313.176564206 -1910.228220115
    0.215516407  304.036934826 -3342.839453309
    0.219050608  289.087161290 -5163.215330121
    0.222584809  267.444963710 -7057.155455514
    0.226119011  239.726475496 -8512.066108900
    0.229653212  208.355606549 -9065.148833265
    0.233187413  176.925228650 -8554.701309972
    0.236721614  148.873194016 -7222.646435699
    0.240255815  126.204332800 -5608.678404949
    0.243790016  108.924782290 -4243.051476025
    0.247324217   95.614999576 -3373.258324906
    0.250858418   84.566645387 -2934.925218302
    0.254392619   74.660022844 -2681.980634449
    0.257926820   65.631067825 -2417.601982926
    0.261461021   57.675633772 -2070.282910630
    0.264995222   51.026370529 -1694.908737391
    0.268529423   45.630776924 -1371.065912225
    0.272063624   41.244920076 -1126.567206366
    0.275597825   37.574390349 -961.350892127
    0.279132026   34.375410979 -853.512359217
    0.282666227   31.518075666 -762.652607149
    0.286200428   28.991479948 -665.423292174
    0.289734630   26.845712805 -547.931993604
    0.293268831   25.107211685 -439.313326128
    0.296803032   23.734344672 -342.942662845
    0.300337233   22.631069316 -290.586502721
    0.303871434   21.640112259 -271.922912575
    0.307405635   20.723491520 -244.111138960
    0.310939836   19.927582892 -206.514028961
    0.314474037   19.278660644 -162.661584985
    0.318008238   18.775875533 -124.529090132
    0.321542439   18.366646554 -111.570675078
    0.325076640   17.979783052 -108.452994806
    0.328610841   17.584579464 -115.372951890
    0.332145042   17.177594124 -110.352987737
    0.335679243   16.788581975 -110.593647280
    0.339213444   16.397870157 -108.507107368
    0.342747645   16.018919794 -106.767559834
    0.346281846   15.639656568 -104.519667807
    0.349816047   15.263837820 -106.133124658
    0.353350249   14.878058079 -112.231115749
    0.356884450   14.462162841 -125.265663442
    0.360418651   13.981893542 -145.478083627
    0.363952852   13.427830376 -167.349938351
    0.367487053   12.827598877 -170.493220397
    0.371021254   12.234424140 -167.548110377
    0.374555455   11.655318705 -159.005243099
    0.378089656   11.082583305 -166.074472231
    0.381623857   10.480276806 -176.816769300
    0.385158058    9.858900076 -173.203258914
    0.388692259    9.263851602 -161.275896792
    0.392226460    8.733005569 -141.460957765
    0.395760661    8.234190091 -144.848060873
    0.399294862    7.693204907 -161.220954518
    0.402829063    7.094260130 -172.776697008
    0.406363264    6.488347706 -164.831422369
    0.409897465    5.938237866 -144.766041960
    0.413431666    5.454069690 -130.063059012
    0.416965868    4.985824655 -134.103277785
    0.420500069    4.499433215 -141.067492031
    0.424034270    4.006527055 -133.389723604
    0.427568471    3.579491085 -111.326933688
    0.431102672    3.220682394  -91.660923948
    0.434636873    2.902412725  -90.256501542
    0.438171074    2.566202344 -101.922815855
    0.441705275    2.193403172 -108.859917725
    0.445239476    1.826375624  -97.804707255
    0.448773677    1.499249987  -85.681143137
    0.452307878    1.220085208  -74.901842266
    0.455842079    0.970889171  -65.645035610
    0.459376280    0.746610571  -59.262889982
    0.462910481    0.565922813  -47.161821875
    0.466444682    0.407249790  -44.938351444
    0.469978883    0.257000594  -39.793631391
    0.473513084    0.120078886  -35.679745157
    0.477047285    0.026703215  -15.957768291
    0.480581486    0.000000000    1.122767690
    0.484115688    0.025819711   14.651964375
    0.487649889    0.079808922   17.392585765
    0.491184090    0.130148509    8.824829679
    0.494718291    0.147819372    1.855072791
    0.498252492    0.152079505    1.107812175
    0.501786693    0.175945251   14.852375107
    0.505320894    0.255314223   31.714734367
    0.508855095    0.378837597   36.790350684
    0.512389296    0.515278045   38.223520570
    0.515923497    0.646251196   34.432924965
    0.519457698    0.745546207   27.905201052
    0.522991899    0.845569251   31.581688215
    0.526526100    0.998932697   55.716439353
    0.530060301    1.222848782   66.872375868
    0.533594502    1.463614635   64.805336045
    0.537128703    1.660806316   50.270696996
    0.540662904    1.813866164   41.272790416
    0.544197105    1.978514415   53.992175295
    0.547731307    2.230538941   86.086522230
    0.551265508    2.563090770   98.186413128
    0.554799709    2.898656220   89.632716121
    0.558333910    3.179402290   72.489619133
    0.561868111    3.407616915   61.900064285
    0.565402312    3.647659795   76.062178488
    0.568936513    3.964274088   99.167821988
    0.572470714    4.332382501  108.516482983
    0.576004915    4.704380600   99.207785497
    0.579539116    4.998114374   72.857526292
    0.583073317    5.233822090   64.665812552
    0.586607518    5.496539991   86.379181397
    0.590141719    5.835707138  105.556164582
    0.593675920    6.215223780  108.166932735
    0.597210121    6.584687570   96.945435059
    0.600744322    6.901930484   83.986498205
    0.604278523    7.190014168   80.792681558
    0.607812724    7.482193090   86.993863631
    0.611346926    7.794533771   91.504947670
    0.614881127    8.123257032   90.567805299
    0.618415328    8.450605759   92.243224860
    0.621949529    8.759010765   83.938570620
    0.625483730    9.043677598   75.923851526
    0.629017931    9.309119729   75.285799716
    0.632552132    9.559453595   64.854192943
    0.636086333    9.778589650   56.954796092
    0.639620534    9.957496644   36.917555204
    0.643154735   10.057815547   21.140381408
    0.646688936   10.111978913    8.753646492
    0.650223137   10.126725575    4.405128860
    0.653757338   10.155377265   10.756098698
    0.657291539   10.209861470   18.028583499
    0.660825740   10.256545444    6.580186926
    0.664359941   10.249375598   -7.674540573
    0.667894142   10.180734144  -26.311490749
    0.671428343   10.064396652  -36.952098147
    0.674962544    9.924402491  -41.515892436
    0.678496746    9.767440569  -46.977489911
    0.682030947    9.593738173  -50.693477202
    0.685565148    9.417450059  -48.710031679
    0.689099349    9.263007049  -42.364255672
    0.692633550    9.108886241  -45.531227606
    0.696167751    8.935031609  -50.934304854
    0.699701952    8.759964033  -50.466180946
    0.703236153    8.590794159  -43.813667803
    0.706770354    8.460383035  -28.198189960
    0.710304555    8.368056971  -26.910147936
    0.713838756    8.255429657  -38.544059518
    0.717372957    8.088284991  -56.673902110
    0.720907158    7.874653705  -62.174772890
    0.724441359    7.676977603  -49.417814368
    0.727975560    7.557557451  -20.013448905
    0.731509761    7.524922779   -2.091141169
    0.735043962    7.508659293   -8.389405879
    0.738578163    7.431090849  -33.272736952
    0.742112365    7.270685771  -56.065728623
    0.745646566    7.072395005  -55.197006658
    0.749180767    6.914766437  -30.442697097
    0.752714968    6.853836979   -6.735085849
    0.756249169    6.852490612    5.304032229
    0.759783370    6.858890654   -3.300833922
    0.763317571    6.828762252   -9.347752888
    0.766851772    6.798535259   -3.269211936
    0.770385973    6.802771592    3.378522935
    0.773920174    6.832185572   11.583520584
    0.777454375    6.865772014   10.400969626
    0.780988576    6.900781768    8.921058140
    0.784522777    6.931963582    6.881567414
    0.788056978    6.967677680    9.949296634
    0.791591179    7.018528336   15.549139137
    0.795125380    7.088693776   21.262597231
    0.798659581    7.172328179   21.700030390
    0.802193782    7.248968051   18.708848732
    0.805727984    7.318951964   19.572204707
    0.809262185    7.393470044   20.940803097
    0.812796386    7.464086411   19.719226671
    0.816330587    7.524308738   12.401326005
    0.819864788    7.575368361   11.597263763
    0.823398989    7.590800016   -3.739457780
    0.826933190    7.563780712  -10.041638786
    0.830467391    7.516608519  -12.616773046
    0.834001592    7.476651330   -7.177390053
    0.837535793    7.460620602   -0.790402340
    0.841069994    7.456118622   -1.521878757
    0.844604195    7.439566109  -11.325096400
    0.848138396    7.380779248  -16.242905731
    0.851672597    7.326718611  -15.166015624
    0.855206798    7.260839363  -24.753254035
    0.858740999    7.148024547  -42.294079532
    0.862275200    6.969217298  -60.505365793
    0.865809401    6.730218122  -72.431700323
    0.869343603    6.475683296  -67.414945642
    0.872877804    6.268212643  -51.275712489
    0.876412005    6.106628023  -43.361655988
    0.879946206    5.938623660  -54.867063480
    0.883480407    5.707381041  -75.683309600
    0.887014608    5.416724256  -84.170563011
    0.890548809    5.156894237  -63.320956487
    0.894083010    4.967733320  -48.296140441
    0.897617211    4.803692042  -48.306671883
    0.901151412    4.601238364  -66.525827253
    0.904685613    4.347171098  -72.245427572
    0.908219814    4.107536853  -59.662277785
    0.911754015    3.939151290  -35.422089230
    0.915288216    3.841016426  -24.173948298
    0.918822417    3.765789515  -19.015050741
    0.922356618    3.689807507  -24.959989095
    0.925890819    3.594882392  -25.765568452
    0.929425020    3.512811572  -17.842545285
    0.932959221    3.473914327   -6.540845332
    0.936493423    3.465998495    0.875299149
    0.940027624    3.464098815   -0.632178384
    0.943561825    3.453496260   -3.469245659
    0.947096026    3.447398595    1.379234039
    0.950630227    3.471118552   11.032157007
    0.954164428    3.530196384   22.155664936
    0.957698629    3.627603084   31.986703904
    0.961232830    3.751005049   36.159580388
    0.964767031    3.872298634   28.703828326
    0.968301232    3.988441622   37.842612016
    0.971835433    4.126463222   44.828006357
    0.975369634    4.309101366   57.966455269
    0.978903835    4.507930655   55.224224035
    0.982438036    4.707540227   53.618640103
    0.985972237    4.889616946   49.466028481
    0.989506438    5.075174154   55.782969582
    0.993040639    5.289123483   65.494277530
    0.996574840    5.527364314   67.394317440
    1.000109042    5.765146172   64.386440559
    1.003643243    5.985307108   62.945868001
    1.007177444    6.216848056   70.279537352
    1.010711645    6.493845535   87.825166598
    1.014245846    6.819730416   94.443000146
    1.017780047    7.143637654   88.310896037
    1.021314248    7.413468399   66.083353896
    1.024848449    7.623465587   52.310404497
    1.028382650    7.809245729   55.644918535
    1.031916851    8.030907661   70.282518852
    1.035451052    8.308274205   84.143463607
    1.038985253    8.603523347   81.439603928
    1.042519454    8.860309327   68.221720786
    1.046053655    9.069308274   52.029803488
    1.049587856    9.223280431   41.049615033
    1.053122057    9.380330527   46.334341192
    1.056656258    9.555961655   53.489884681
    1.060190459    9.750981867   55.174361951
    1.063724661    9.941270710   49.258029893
    1.067258862   10.104199787   42.605479840
    1.070793063   10.239012430   30.154874391
    1.074327264   10.322055713   16.045709379
    1.077861465   10.353708426    2.136763209
    1.081395666   10.361774897    0.412968837
    1.084929867   10.364061961    1.047296715
    1.088464068   10.382973062   12.517750380
    1.091998269   10.414938195    9.681080561
    1.095532470   10.424228990   -4.150160827
    1.099066671   10.402374204   -5.741936970
    1.102600872   10.404181370    5.400019908
    1.106135073   10.460422857   24.307766275
    1.109669274   10.559126785   32.143444749
    1.113203475   10.659137176   22.270560151
    1.116737676   10.699129479    2.436745082
    1.120271877   10.681813818   -5.372378416
    1.123806078   10.681710173    8.945928497
    1.127340279   10.747625019   30.456455398
    1.130874481   10.862550021   33.536152480
    1.134408682   10.960239011   17.584023899
    1.137942883   10.993221082    3.703807546
    1.141477084   10.985648845   -5.183214749
    1.145011285   10.987060515    6.908727388
    1.148545486   11.035095506   16.964207437
    1.152079687   11.111757016   22.318577377
    1.155613888   11.176052097   15.318509636
    1.159148089   11.222223100   13.951295236
    1.162682290   11.277592605   20.074498902
    1.166216491   11.352900290   23.932237285
    1.169750692   11.443005930   28.094105943
    1.173284893   11.530367793   17.968964354
    1.176819094   11.591655365   13.012567249
    1.180353295   11.636314816   12.532291258
    1.183887496   11.686705329   15.984372085
    1.187421697   11.749721253   17.142189106
    1.190955898   11.819512663   24.228981197
    1.194490100   11.907253062   26.095793203
    1.198024301   12.007402324   29.386514058
    1.201558502   12.104968783   28.068285330
    1.205092703   12.203112888   26.556984385
    1.208626904   12.298851022   28.471692238
    1.212161105   12.378655935   16.646755208
    1.215695306   12.437895750   13.476691442
    1.219229507   12.482798475   11.319844640
    1.222763708   12.529126154   13.754908518
    1.226297909   12.565831976    7.872559184
    1.229832110   12.591455356    8.040659103
    1.233366311   12.617626239    8.148025943
    1.236900512   12.633162659    1.113479010
    1.240434713   12.629725980   -1.463594433
    1.243968914   12.608271491   -6.119468143
    1.247503115   12.594627068   -2.644898132
    1.251037316   12.586835668   -0.403223958
    1.254571517   12.589834452    2.840743906
    1.258105719   12.586325875   -2.817281214
    1.261639920   12.577525259   -0.977936039
    1.265174121   12.562599577   -6.870840837
    1.268708322   12.532687422   -9.139989059
    1.272242523   12.510388719   -3.887158411
    1.275776724   12.514608950    4.639549222
    1.279310925   12.541992500   11.193513004
    1.282845126   12.566435413    3.985127334
    1.286379327   12.583202818    0.534225746
    1.289913528   12.596607612    3.620409327
    1.293447729   12.603221127    1.203110426
    1.296981930   12.620009870    9.969487596
    1.300516131   12.671445684   20.647542107
    1.304050332   12.753345523   26.676595900
    1.307584533   12.842988523   26.182603684
    1.311118734   12.929777861   21.050180591
    1.314652935   12.992115306   14.971571827
    1.318187136   13.042275770   15.396594045
    1.321721338   13.089245700   18.724574397
    1.325255539   13.178157144   27.815137172
    1.328789740   13.269845155   23.802009966
    1.332323941   13.335492910   11.625037793
    1.335858142   13.356299353    1.235237706
    1.339392343   13.351029136   -0.984594864
    1.342926544   13.365404492   11.502648698
    1.346460745   13.433399534   25.468103286
    1.349994946   13.524247914   25.245188142
    1.353529147   13.593519440   15.312872876
    1.357063348   13.635126679   10.544938219
    1.360597549   13.688622333   19.200490819
    1.364131750   13.754240328   21.935114490
    1.367665951   13.841742077   24.096841539
    1.371200152   13.899351968    9.576376535
    1.374734353   13.903511619   -3.335519845
    1.378268554   13.895875537    2.738209294
    1.381802755   13.924065080   14.214451624
    1.385336956   13.997555798   22.203656401
    1.388871158   14.068899087   16.065330337
    1.392405359   14.118644764   16.296128907
    1.395939560   14.174444915   14.617426602
    1.399473761   14.241724161   25.324742446
    1.403007962   14.339570770   26.556109545
    1.406542163   14.422943520   16.784751307
    1.410076364   14.456785295    4.557268121
    1.413610565   14.472995272    8.163796089
    1.417144766   14.526193095   22.955790997
    1.420678967   14.629330778   32.542227474
    1.424213168   14.759452035   36.564851675
    1.427747369   14.871504512   25.566409179
    1.431281570   14.938100415   12.013624243
    1.434815771   14.962511124    7.798065013
    1.438349972   15.007282259   14.655111723
    1.441884173   15.054692011    9.906557352
    1.445418374   15.074781804    1.930952379
    1.448952575   15.081790420    4.319716368
    1.452486777   15.128441477   20.869838873
    1.456020978   15.228104917   34.649022332
    1.459555179   15.351440086   32.575833040
    1.463089380   15.452548280   21.728073139
    1.466623581   15.502567704    9.302610302
    1.470157782   15.548942389   18.320765132
    1.473691983   15.638735191   29.688319333
    1.477226184   15.777267916   45.716808138
    1.480760385   15.927414321   33.354254491
    1.484294586   16.017040001   16.501367374
    1.487828787   16.046348156    3.768825053
    1.491362988   16.062091315    9.484847799
    1.494897189   16.125689733   25.367954584
    1.498431390   16.239699751   36.065682094
    1.501965591   16.369390326   32.510390451
    1.505499792   16.472059907   26.124348078
    1.509033993   16.555685235   21.214987860
    1.512568194   16.628988031   20.930537150
    1.516102396   16.706555243   24.714563796
    1.519636597   16.799654382   25.870071402
    1.523170798   16.898295469   24.532544771
    1.526704999   16.976857126   19.215390086
    1.530239200   17.031419199   13.650829199
    1.533773401   17.085088354   18.869645076
    1.537307602   17.162003936   25.017171706
    1.540841803   17.268828134   30.459075117
    1.544376004   17.378585558   29.901081673
    1.547910205   17.481357513   26.096772309
    1.551444406   17.544306007   10.122853246
    1.554978607   17.577388000   10.833510842
    1.558512808   17.625513703   20.830652897
    1.562047009   17.728688163   40.796631252
    1.565581210   17.902097813   56.904399090
    1.569115411   18.101917168   54.159046100
    1.572649612   18.263410372   36.411255413
    1.576183813   18.361440952   19.087910658
    1.579718015   18.422770134   19.511520491
    1.583252216   18.517483965   34.962631781
    1.586786417   18.663199734   50.635556559
    1.590320618   18.844644068   48.274732850
    1.593854819   18.988925606   35.227973653
    1.597389020   19.083389736   18.113636224
    1.600923221   19.139979178   17.591106475
    1.604457422   19.218068772   28.508321294
    1.607991623   19.335451647   36.888355847
    1.611525824   19.478735695   37.918228226
    1.615060025   19.617240713   40.091646006
    1.618594226   19.751829625   36.970890923
    1.622128427   19.897921563   47.295473345
    1.625662628   20.085748684   57.450995144
    1.629196829   20.283164138   53.858312421
    1.632731030   20.455265066   47.241028374
    1.636265231   20.614515493   44.153762178
    1.639799432   20.786036652   54.588194054
    1.643333633   21.004850130   69.517004560
    1.646867835   21.230859498   57.144666990
    1.650402036   21.405087055   41.894252615
    1.653936237   21.528982398   30.410864042
    1.657470438   21.639630723   37.184293896
    1.661004639   21.795628660   52.209442475
    1.664538840   22.023611893   77.840406775
    1.668073041   22.296094292   71.877932527
    1.671607242   22.534763221   61.924775115
    1.675141443   22.727976126   50.637142972
    1.678675644   22.908024801   51.683165581
    1.682209845   23.110145137   62.649130049
    1.685744046   23.346967176   65.650468541
    1.689278247   23.569381698   58.646390024
    1.692812448   23.761013738   49.624473545
    1.696346649   23.937350991   54.162898734
    1.699880850   24.149999367   68.361364397
    1.703415051   24.421659076   79.780409053
    1.706949252   24.692604667   71.177036925
    1.710483454   24.931352348   61.053965310
    1.714017655   25.123483181   49.173072536
    1.717551856   25.272401918   38.475971011
    1.721086057   25.424214500   48.659830269
    1.724620258   25.620580034   62.617918354
    1.728154459   25.846035809   63.323831288
    1.731688660   26.066282894   57.042569155
    1.735222861   26.270901203   58.509211974
    1.738757062   26.463763458   53.230893780
    1.742291263   26.670970873   62.909542007
    1.745825464   26.885216492   59.938035759
    1.749359665   27.094525966   58.061068046
    1.752893866   27.308308158   65.277210087
    1.756428067   27.557758596   73.827505481
    1.759962268   27.814425237   71.043465880
    1.763496469   28.039149926   58.369206706
    1.767030670   28.219901762   48.255115983
    1.770564871   28.376763501   42.502356898
    1.774099073   28.539221475   48.077682186
    1.777633274   28.707129095   52.191418046
    1.781167475   28.890459928   50.070888431
    1.784701676   29.045387814   36.769509995
    1.788235877   29.137496540   16.861121085
    1.791770078   29.198360888   19.728929301
    1.795304279   29.304030477   39.978201396
    1.798838480   29.467642737   52.309983424
    1.802372681   29.642831008   40.804447251
    1.805906882   29.744419927   18.109207912
    1.809441083   29.770877996    1.783297690
    1.812975284   29.782442327    8.047756993
    1.816509485   29.837493855   24.018295795
    1.820043686   29.941729636   31.328663776
    1.823577887   30.042083279   22.727087936
    1.827112088   30.099104715    8.753253930
    1.830646289   30.098234887   -2.284128188
    1.834180490   30.100211066    8.253787520
    1.837714691   30.160218173   27.894942276
    1.841248893   30.292652554   45.821807077
    1.844783094   30.448579497   40.509841635
    1.848317295   30.561820357   27.160828073
    1.851851496   30.631166339   14.558150010
    1.855385697   30.673408926    8.802699127
    1.858919898   30.702379331    8.535696304
    1.862454099   30.748478457   16.925292203
    1.865988300   30.831854241   29.391552655
    1.869522501   30.951952310   39.050603107
    1.873056702   31.079877590   30.240946638
    1.876590903   31.153294833   11.031413815
    1.880125104   31.171704008    3.309503588
    1.883659305   31.184371817    7.650346266
    1.887193506   31.250987920   30.518291235
    1.890727707   31.410821454   56.127008663
    1.894261908   31.626588833   64.577312723
    1.897796109   31.815469312   40.080352851
    1.901330310   31.908014492   16.186944102
    1.904864512   31.950339017   12.131534931
    1.908398713   32.025440480   33.024242024
    1.911932914   32.180440543   52.044171060
    1.915467115   32.353418628   43.523835836
    1.919001316   32.478548452   25.995379353
    1.922535517   32.539534204   11.016912962
    1.926069718   32.589862983   20.941310812
    1.929603919   32.695601130   41.314537378
    1.933138120   32.874860987   58.858122656
    1.936672321   33.080764830   50.562730081
    1.940206522   33.237847239   39.408505312
    1.943740723   33.375933633   41.165328038
    1.947274924   33.544841800   54.341715364
    1.950809125   33.758270834   62.900903864
    1.954343326   33.964414312   51.637723366
    1.957877527   34.107264588   29.193772820
    1.961411728   34.210982311   29.924935989
    1.964945929   34.337351207   44.271106174
    1.968480131   34.507274276   53.430980601
    1.972014332   34.699343545   52.553660388
    1.975548533   34.860343116   39.835916734
    1.979082734   34.979279148   30.308574117
    1.982616935   35.086414625   31.596539725
    1.986151136   35.225279065   47.065098233
    1.989685337   35.414035654   56.465542893
    1.993219538   35.601894551   49.752657350
    1.996753739   35.759656715   37.463485381
    2.000287940   35.875888440   32.200523653
    2.003822141   35.999842037   39.494136641
    2.007356342   36.131425186   31.539657151
    2.010890543   36.241373217   29.792417983
    2.014424744   36.347230195   28.356991103
    2.017958945   36.452578613   33.034598734
    2.021493146   36.586499941   40.776728912
    2.025027347   36.732591276   39.845906062
    2.028561548   36.850455166   27.146416667
    2.032095750   36.933193612   19.602019991
    2.035629951   37.000555753   18.039357165
    2.039164152   37.079364173   28.729841927
    2.042698353   37.203379388   40.631800746
    2.046232554   37.346984345   41.918579415
    2.049766755   37.484215739   35.406053532
    2.053300956   37.589747564   25.721446734
    2.056835157   37.691375034   32.275431085
    2.060369358   37.824541673   41.398501791
    2.063903559   37.998896451   57.057214494
    2.067437760   38.190989091   49.806016424
    2.070971961   38.349810516   39.868017364
    2.074506162   38.476037179   31.796866753
    2.078040363   38.587304041   31.649438498
    2.081574564   38.709440160   35.614197053
    2.085108765   38.846951613   41.673750056
    2.088642966   38.994104869   39.832753448
    2.092177167   39.115242444   26.732359263
    2.095711368   39.175561586    9.042454506
    2.099245570   39.196465482    4.758473469
    2.102779771   39.221647392   15.468721557
    2.106313972   39.301316846   30.098521632
    2.109848173   39.429302313   38.491806770
    2.113382374   39.539844837   19.421406347
    2.116916575   39.555367478   -5.732168728
    2.120450776   39.516547710  -11.086816706
    2.123984977   39.489683427   -0.143842873
    2.127519178   39.532014284   21.641240927
    2.131053379   39.628880241   27.829509240
    2.134587580   39.707049700   15.718803654
    2.138121781   39.732886319    1.906913229
    2.141655982   39.731593154    1.401740894
    2.145190183   39.759131057   16.148656891
    2.148724384   39.847780743   28.701671345
    2.152258585   39.951977883   26.289558377
    2.155792786   40.016697093    9.652125544
    2.159326987   40.022262085   -5.873053279
    2.162861189   40.006830259   -0.309922161
    2.166395390   40.029948623   11.775514698
    2.169929591   40.074428144    9.231509309
    2.173463792   40.076122184   -8.569963927
    2.176997993   40.007494797  -26.486199411
    2.180532194   39.905324697  -27.526989110
    2.184066395   39.852386851   -1.915793380
    2.187600596   39.908842521   33.816039152
    2.191134797   40.045210203   40.706303451
    2.194668998   40.161498248   20.783069571
    2.198203199   40.196733524    2.632457360
    2.201737400   40.206045244    5.724091643
    2.205271601   40.271160454   32.179033146
    2.208805802   40.412972738   43.434960985
    2.212340003   40.548929101   29.563790980
    2.215874204   40.603934429    1.769842061
    2.219408405   40.590777751   -6.686553495
    2.222942606   40.590861272    7.556211574
    2.226476808   40.650092364   23.126224764
    2.230011009   40.716045472    9.680661078
    2.233545210   40.712282506  -15.874524790
    2.237079411   40.634891008  -26.915706978
    2.240613612   40.551515558  -14.560044578
    2.244147813   40.551380534   14.868761165
    2.247682014   40.654081514   39.098691947
    2.251216215   40.794931280   38.266141881
    2.254750416   40.905169290   18.972435273
    2.258284617   40.934939889   -0.140091263
    2.261818818   40.918912341   -5.548219965
    2.265353019   40.899563487   -6.261856885
    2.268887220   40.881519921   -1.292846692
    2.272421421   40.887443797    2.150986381
    2.275955622   40.881288607   -6.624495618
    2.279489823   40.848222616   -9.001291605
    2.283024024   40.821233723   -5.564516734
    2.286558225   40.817931613    4.878810671
    2.290092426   40.871312271   25.240082199
    2.293626628   40.986126176   36.704866522
    2.297160829   41.116509887   32.116855187
    2.300695030   41.184085717    7.050499233
    2.304229231   41.184035046   -7.402565888
    2.307763432   41.161672779   -5.797619299
    2.311297633   41.163882069    8.323376402
    2.314831834   41.204508650   14.874578813
    2.318366035   41.256959208   11.891550629
    2.321900236   41.285787132    4.997586689
    2.325434437   41.296577350    2.949182596
    2.328968638   41.311503477    7.787540974
    2.332502839   41.344141466    5.857487311
    2.336037040   41.335707180   -8.598887437
    2.339571241   41.289776722  -13.678117283
    2.343105442   41.262877884   -2.261603312
    2.346639643   41.291286757   20.474178697
    2.350173844   41.388124273   32.566599083
    2.353708045   41.488939152   20.374097848
    2.357242247   41.528312955    0.799684080
    2.360776448   41.502905694  -12.441085720
    2.364310649   41.452781757  -14.713880783
    2.367844850   41.425434533   -1.094849025
    2.371379051   41.450748052   13.064642737
    2.374913252   41.503099060   11.734260664
    2.378447453   41.513742698   -8.573800955
    2.381981654   41.454312660  -23.420198597
    2.385515855   41.365488285  -23.190701041
    2.389050056   41.316818446   -1.748224431
    2.392584257   41.344764779   14.322575915
    2.396118458   41.422532410   27.318100553
    2.399652659   41.508807165   21.391852062
    2.403186860   41.556722772    6.327880177
    2.406721061   41.573110787    9.837030709
    2.410255262   41.606285804   10.441985415
    2.413789463   41.640727659    7.624076795
    2.417323664   41.651922660   -3.740199099
    2.420857866   41.611647643  -15.745769659
    2.424392067   41.571072476   -4.714746163
    2.427926268   41.574931395    4.212452089
    2.431460469   41.599072288    6.779620436
    2.434994670   41.597793064   -9.334763537
    2.438528871   41.539250800  -19.537791207
    2.442063072   41.489468059   -5.478142306
    2.445597273   41.522088442   24.212394004
    2.449131474   41.648203198   41.604531019
    2.452665675   41.765719195   22.050708865
    2.456199876   41.775621209  -17.117620549
    2.459734077   41.669501700  -38.347906563
    2.463268278   41.550056505  -27.751242732
    2.466802479   41.535432167   15.832274950
    2.470336680   41.628259229   31.841083090
    2.473870881   41.705575947   10.752821107
    2.477405082   41.702852244  -10.538680018
    2.480939283   41.640374621  -23.589045229
    2.484473485   41.581431254   -7.485228021
    2.488007686   41.596389759   15.567077231
    2.491541887   41.672867326   22.937975627
    2.495076088   41.758621118   20.066743999
    2.498610289   41.788450342    0.010489844
    2.502144490   41.783334648    1.538848918
    2.505678691   41.801205974    9.714830733
    2.509212892   41.847336902   19.583886142
    2.512747093   41.915254169   13.965320909
    2.516281294   41.937299593   -0.559705673
    2.519815495   41.907649141  -17.650063832
    2.523349696   41.827783672  -21.546612687
    2.526883897   41.772775661   -6.784262332
    2.530418098   41.768488022    5.613502956
    2.533952299   41.808945779   12.833510909
    2.537486500   41.852283247    8.847878518
    2.541020701   41.866224194    1.483467433
    2.544554902   41.865709314    1.030705602
    2.548089103   41.892465107   10.024025131
    2.551623305   41.934463269    7.291167030
    2.555157506   41.955658243    0.309847811
    2.558691707   41.941921835   -5.707566377
    2.562225908   41.914571072   -8.416331667
    2.565760109   41.919097004    9.903107895
    2.569294310   41.978421671   23.602798155
    2.572828511   42.067770756   22.732199886
    2.576362712   42.123046217    8.881810933
    2.579896913   42.139695712    1.927135794
    2.583431114   42.128066639   -7.307105442
    2.586965315   42.119037921    3.298823138
    2.590499516   42.127088981   -0.313047867
    2.594033717   42.118793065   -3.653839308
    2.597567918   42.101931240   -5.815188221
    2.601102119   42.064274804  -11.368803288
    2.604636320   42.036051889   -2.804110425
    2.608170521   42.031150862    1.937032644
    2.611704722   42.047014109    9.179628863
    2.615238924   42.085627989   12.649442037
    2.618773125   42.133981927   14.299144083
    2.622307326   42.187273724   12.363045976
    2.625841527   42.227191337    6.121058476
    2.629375728   42.235335132   -1.055879253
    2.632909929   42.196545317  -13.554643948
    2.636444130   42.163423819   -4.163977775
    2.639978331   42.165403721    4.779440212
    2.643512532   42.189204941    3.549920694
    2.647046733   42.181669719  -11.174884270
    2.650580934   42.120769409  -24.759060740
    2.654115135   42.014759381  -29.773384333
    2.657649336   41.925938842  -19.206159646
    2.661183537   41.876525283   -9.182990818
    2.664717738   41.867817347    3.717327038
    2.668251939   41.894651339   11.684807512
    2.671786140   41.927665439   10.622250537
    2.675320341   41.979135682   20.416662744
    2.678854543   42.068499044   32.752621482
    2.682388744   42.198915919   40.939944333
    2.685922945   42.315310327   22.929380184
    2.689457146   42.356206330   -1.422799198
    2.692991347   42.317786550  -17.303957798
    2.696525548   42.278949745   -1.007903795
    2.700059749   42.315441714   20.201233452
    2.703593950   42.395162189   24.190117881
    2.707128151   42.454611434    5.667192760
    2.710662352   42.422928995  -20.571612040
    2.714196553   42.323389759  -29.129476337
    2.717730754   42.246585835  -13.541510000
    2.721264955   42.245296847   10.178579853
    2.724799156   42.285830923    9.833309073
    2.728333357   42.296246282   -4.085698824
    2.731867558   42.268830061   -9.874511211
    2.735401759   42.272124027   12.955764229
    2.738935960   42.373059342   45.639628274
    2.742470162   42.553168643   48.446965703
    2.746004363   42.686058414   22.265665318
    2.749538564   42.701240761  -10.438840936
    2.753072765   42.643890745  -17.200035973
    2.756606966   42.615420656    6.579244601
    2.760141167   42.679306028   18.187235867
    2.763675368   42.737495475   11.028682863
    2.767209569   42.723214394  -18.149162266
    2.770743770   42.611797926  -35.826939402
    2.774277971   42.512966596  -14.254075661
    2.777812172   42.526368693   21.869780788
    2.781346373   42.636347696   37.071266077
    2.784880574   42.730440372   12.825314314
    2.788414775   42.717733515  -21.351250802
    2.791948976   42.607232885  -31.702001371
    2.795483177   42.526796211   -8.137508041
    2.799017378   42.562565381   28.967903882
    2.802551579   42.682962007   32.298125711
    2.806085780   42.773316853   12.090532457
    2.809619982   42.779946877   -5.831169291
    2.813154183   42.756108279   -8.491668556
    2.816688384   42.759080673   11.930860810
    2.820222585   42.845499528   34.447921333
    2.823756786   42.971777030   28.138985261
    2.827290987   43.019104707   -3.654333103
    2.830825188   42.940844387  -38.934184959
    2.834359389   42.816402703  -28.549427796
    2.837893590   42.753060638   -3.687098878
    2.841427791   42.803992847   29.493793139
    2.844961992   42.942066705   46.538053895
    2.848496193   43.093794974   37.849869611
    2.852030394   43.198096830   20.823737938
    2.855564595   43.250205210   12.390167233
    2.859098796   43.288947379   12.545700390
    2.862632997   43.344429799   18.904169877
    2.866167198   43.400625008   13.490137599
    2.869701399   43.423960900    0.855598253
    2.873235601   43.401217203  -11.488996393
    2.876769802   43.356211349  -12.028269530
    2.880304003   43.335810356   -0.303761152
    2.883838204   43.346484060    2.585548117
    2.887372405   43.353668895    0.891602499
    2.890906606   43.352665543   -3.916898928
    2.894440807   43.324067754  -14.714082532
    2.897975008   43.280456826  -10.925711375
    2.901509209   43.273527538    4.895870115
    2.905043410   43.322633663   15.298627113
    2.908577611   43.367698054   10.245520274
    2.912111812   43.396255974    2.748926645
    2.915646013   43.383904959   -4.876891250
    2.919180214   43.364934012   -0.669395975
    2.922714415   43.376178555    4.663909627
    2.926248616   43.407893151   12.317265252
    2.929782817   43.438494830    5.141186340
    2.933317018   43.434565061   -7.765120684
    2.936851220   43.384298763  -17.924202609
    2.940385421   43.320450871  -18.342711465
    2.943919622   43.273507508   -8.214445135
    2.947453823   43.251319346   -1.132387842
    2.950988024   43.269851313   12.138688610
    2.954522225   43.342737208   28.237775574
    2.958056426   43.460308217   35.052779418
    2.961590627   43.569853915   24.010556990
    2.965124828   43.607141663   -5.277572904
    2.968659029   43.546098622  -29.186749898
    2.972193230   43.433581252  -34.547895988
    2.975727431   43.345898381  -15.851546309
    2.979261632   43.348850648   15.448367087
    2.982795833   43.425944923   23.583754315
    2.986330034   43.478634172    6.926062223
    2.989864235   43.454883818  -16.979376554
    2.993398436   43.378088141  -24.616419927
    2.996932637   43.330458126   -1.383751053
    3.000466838   43.367563901   22.030663882
    3.004001040   43.454299689   21.274897714
    3.007535241   43.495112445    1.306148766
    3.011069442   43.463154020  -17.660521228
    3.014603643   43.405883286  -10.490400432
    3.018137844   43.405274820   12.458909459
    3.021672045   43.496857780   36.330433016
    3.025206246   43.614239210   23.370986026
    3.028740447   43.640047159  -12.226797827
    3.032274648   43.558267209  -28.112367158
    3.035808849   43.457107910  -23.460478614
    3.039343050   43.412654616   -1.523930630
    3.042877251   43.434057900    9.651645503
    3.046411452   43.468145427    6.393166436
    3.049945653   43.462806054  -11.111739770
    3.053479854   43.402490291  -20.790507259
    3.057014055   43.342145737  -12.141670778
    3.060548256   43.309217114   -6.239604872
    3.064082457   43.283149401   -9.335739177
    3.067616659   43.245712874  -12.444080242
    3.071150860   43.220413229    0.259848957
    3.074685061   43.236054470    6.326278526
    3.078219262   43.273700118   13.113261683
    3.081753463   43.309909622    7.733602079
    3.085287664   43.317926405    0.505841270
    3.088821865   43.319292095    1.052451160
    3.092356066   43.342145147   11.773570131
    3.095890267   43.383634189    8.347345011
    3.099424468   43.396986478   -1.711680964
    3.102958669   43.373865998  -11.026255068
    3.106492870   43.318790439  -19.132328933
    3.110027071   43.252775667  -16.738884237
    3.113561272   43.211093206   -3.765723018
    3.117095473   43.206862053   -0.007773421
    3.120629674   43.189673921   -9.847580732
    3.124163875   43.148434512  -14.113089261
    3.127698076   43.103876540  -10.360759678
    3.131232278   43.072877886   -4.124451749
    3.134766479   43.071594490    5.534648887
    3.138300680   43.109345445   13.410297269
    3.141834881   43.164085563   14.373833523
    3.145369082   43.191695420    1.891869497
    3.148903283   43.182413860   -8.633505261
    3.152437484   43.145243109   -8.867326780
    3.155971685   43.127062034    0.604465274
    3.159505886   43.152564825   13.981903575
    3.163040087   43.220653864   21.403950299
    3.166574288   43.294229901   16.819654695
    3.170108489   43.329684165    4.150059030
    3.173642690   43.315604393  -10.521443306
    3.177176891   43.274917958  -13.649302689
    3.180711092   43.239429269   -6.910429675
    3.184245293   43.232221695    4.634452598
    3.187779494   43.253786908    5.255755361
    3.191313695   43.261875180    0.301320765
    3.194847897   43.255063369   -5.663833051
    3.198382098   43.230876984   -8.129183597
    3.201916299   43.191107269   -9.575555420
    3.205450500   43.153465438  -10.840544930
    3.208984701   43.125726440   -4.237521849
    3.212518902   43.130840630    8.222731160
    3.216053103   43.185254296   19.345242965
    3.219587304   43.266300043   22.052517526
    3.223121505   43.336481043   16.067583186
    3.226655706   43.353302076   -7.630144003
    3.230189907   43.286854118  -23.463880663
    3.233724108   43.193202693  -24.831459369
    3.237258309   43.122702401  -14.743522815
    3.240792510   43.075271189  -10.044591540
    3.244326711   43.044914636   -6.149698837
    3.247860912   43.021632507   -7.118427871
    3.251395113   42.990344997   -9.050829937
    3.254929314   42.956439405   -8.672520381
    3.258463515   42.913706646  -13.466802728
    3.261997717   42.853257711  -16.471633516
    3.265531918   42.807974191   -7.612500259
    3.269066119   42.816294981   10.433404449
    3.272600320   42.875523960   20.513697299
    3.276134521   42.938126017    9.535562182
    3.279668722   42.941762310   -7.438735874
    3.283202923   42.901024153  -12.197473819
    3.286737124   42.866371857   -6.886779999
    3.290271325   42.881816081   10.634239428
    3.293805526   42.938610768   17.263631933
    3.297339727   42.981828116    4.995008573
    3.300873928   42.983883355   -5.076250752
    3.304408129   42.953127918   -9.560074232
    3.307942330   42.919964672   -3.988693855
    3.311476531   42.906281260   -4.256263833
    3.315010732   42.877343690  -13.456273103
    3.318544933   42.791868066  -31.709355692
    3.322079134   42.662629076  -35.463706641
    3.325613336   42.564642610  -18.760225160
    3.329147537   42.538186292    5.508180142
    3.332681738   42.579864484   19.934365052
    3.336215939   42.644769971   13.884179271
    3.339750140   42.682961894    7.071022850
    3.343284341   42.698511619    2.703321579
    3.346818542   42.717091485    8.287947072
    3.350352743   42.738358237    3.140506465
    3.353886944   42.746586080   -0.568982663
    3.357421145   42.732430220   -8.710330238
    3.360955346   42.689941614  -15.092766870
    3.364489547   42.659965687   -1.537302264
    3.368023748   42.683932465   14.893196425
    3.371557949   42.743022773   11.404910181
    3.375092150   42.757051189   -2.289762560
    3.378626351   42.715559009  -16.103641626
    3.382160552   42.658982005  -13.392013924
    3.385694753   42.650784615    6.345024167
    3.389228955   42.696565073   18.096565817
    3.392763156   42.763076750   18.761323554
    3.396297357   42.809667313    6.329462402
    3.399831558   42.818611376    0.697586693
    3.403365759   42.823161359    4.876487432
    3.406899960   42.840308606    6.652737189
    3.410434161   42.860328470    1.358070572
    3.413968362   42.843964201  -12.376827940
    3.417502563   42.776331659  -21.456427329
    3.421036764   42.690297481  -22.854036959
    3.424570965   42.656966211    4.249947482
    3.428105166   42.712263400   23.365435379
    3.431639367   42.808386878   29.861869159
    3.435173568   42.899524663   20.170598494
    3.438707769   42.941607908    1.615211629
    3.442241970   42.922535812  -10.089151302
    3.445776171   42.890738609   -4.845048876
    3.449310372   42.879406417   -1.036357236
    3.452844574   42.886298053    2.636639430
    3.456378775   42.888817811   -4.098093578
    3.459912976   42.849175683  -16.916471148
    3.463447177   42.786770653  -16.791850397
    3.466981378   42.730217206  -12.998390433
    3.470515579   42.706871679    1.356252745
    3.474049780   42.728952477   11.705558061
    3.477583981   42.766582977   10.098678053
    3.481118182   42.797838584    7.038293600
    3.484652383   42.815181612    0.910302512
    3.488186584   42.812274665   -1.620177689
    3.491720785   42.803803412   -5.207904650
    3.495254986   42.774209267  -10.525446128
    3.498789187   42.732746722   -7.505388649
    3.502323388   42.705453658  -10.836488482
    3.505857589   42.663493524  -13.536527828
    3.509391790   42.618144610  -12.837058884
    3.512925991   42.586281722   -7.916992598
    3.516460192   42.575303459    0.482934309
    3.519994394   42.578420126    0.643218979
    3.523528595   42.578526312   -1.074394724
    3.527062796   42.578662326    0.753753677
    3.530596997   42.575690265    0.486169991
    3.534131198   42.594644366    9.153791559
    3.537665399   42.629346777   11.090830071
    3.541199600   42.662197795    6.292275126
    3.544733801   42.653036474   -9.213988724
    3.548268002   42.596633942  -20.499093196
    3.551802203   42.525179885  -14.363098856
    3.555336404   42.508396022    7.402858824
    3.558870605   42.572720304   24.613541791
    3.562404806   42.655636431   14.428443667
    3.565939007   42.673077172   -3.333158141
    3.569473208   42.637534525  -11.235794364
    3.573007409   42.599384135   -6.945144497
    3.576541610   42.605686794    7.296277292
    3.580075811   42.657466232   14.963889531
    3.583610013   42.693754922    2.463236433
    3.587144214   42.651728852  -22.174634992
    3.590678415   42.551821797  -29.760144518
    3.594212616   42.457284699  -18.617940898
    3.597746817   42.438414446    5.250848876
    3.601281018   42.486692568   17.392051045
    3.604815219   42.550616610   14.728884397
    3.608349420   42.584740953    6.259480028
    3.611883621   42.579038289   -7.633881537
    3.615417822   42.548542786   -5.688782439
    3.618952023   42.529884412   -4.117674609
    3.622486224   42.522185012    2.224229310
    3.626020425   42.542506328    9.809839660
    3.629554626   42.568806233    5.399117945
    3.633088827   42.565868679   -6.946288826
    3.636623028   42.528640422  -15.039723313
    3.640157229   42.449600667  -22.466892046
    3.643691430   42.383058832  -11.058914897
    3.647225632   42.377115429    6.061785814
    3.650759833   42.420320530   11.234782873
    3.654294034   42.454556729    4.171471501
    3.657828235   42.433149903   -9.114636323
    3.661362436   42.399591570   -7.524507778
    3.664896637   42.393124177    4.779831948
    3.668430838   42.431464604   14.366467197
    3.671965039   42.485657740   11.516197879
    3.675499240   42.517834182    4.453062749
    3.679033441   42.529267953    3.313735263
    3.682567642   42.533751111    1.768912341
    3.686101843   42.552817575    9.001574671
    3.689636044   42.575655192    6.481850604
    3.693170245   42.585665478   -0.910754440
    3.696704446   42.577932783   -0.520460593
    3.700238647   42.590239380   10.593725313
    3.703772848   42.632134566   16.506395313
    3.707307049   42.702438990   17.923691846
    3.710841250   42.746168857    9.932377749
    3.714375452   42.767695642    4.348246239
    3.717909653   42.773767119    2.592424149
    3.721443854   42.770609484   -5.646059895
    3.724978055   42.734322766  -17.581504152
    3.728512256   42.648850330  -28.275119835
    3.732046457   42.532965211  -33.763210278
    3.735580658   42.439363725  -17.165693753
    3.739114859   42.414575304    3.387225415
    3.742649060   42.449153859   11.404136037
    3.746183261   42.483079862    5.470374201
    3.749717462   42.492198806   -3.584944173
    3.753251663   42.464017564  -11.939777247
    3.756785864   42.438664251   -2.179580466
    3.760320065   42.457212361   11.061975480
    3.763854266   42.504340228   15.323295001
    3.767388467   42.543750721    4.941359054
    3.770922668   42.527916340  -17.568494008
    3.774456869   42.436413002  -28.403034371
    3.777991071   42.358408761  -17.224535606
    3.781525272   42.329027096    2.467135735
    3.785059473   42.366422127   14.826841113
    3.788593674   42.406091824    7.828203855
    3.792127875   42.412579361   -2.025311319
    3.795662076   42.392329220   -8.492006996
    3.799196277   42.380599534    3.063069969
    3.802730478   42.410402430   13.710628410
    3.806264679   42.460995522   13.626880269
    3.809798880   42.488167976    1.092622196
    3.813333081   42.468515831  -11.987506179
    3.816867282   42.435825403   -3.026218081
    3.820401483   42.454724600   11.137373780
    3.823935684   42.512272098   17.901736624
    3.827469885   42.560441945    5.279035217
    3.831004086   42.539556277  -19.319247352
    3.834538287   42.456489341  -24.455078910
    3.838072488   42.385613400  -13.493670315
    3.841606690   42.370810674    1.957027953
    3.845140891   42.380663541    1.333919314
    3.848675092   42.361500484   -8.584034173
    3.852209293   42.289470474  -25.636542938
    3.855743494   42.211508270  -17.568704691
    3.859277695   42.182124379    1.222679323
    3.862811896   42.222184363   18.241323535
    3.866346097   42.274901139    6.810173062
    3.869880298   42.286945379   -1.509634158
    3.873414499   42.269213627   -5.987308721
    3.876948700   42.255152425    3.261353093
    3.880482901   42.303366717   17.796378944
    3.884017102   42.376972532   16.090548482
    3.887551303   42.408979059   -1.647275713
    3.891085504   42.357827712  -24.773149949
    3.894619705   42.267754000  -21.971256646
    3.898153906   42.224364613   -1.407900725
    3.901688107   42.260327481   17.078353917
    3.905222309   42.325372489   14.178710932
    3.908756510   42.347696685   -0.977466797
    3.912290711   42.323926037  -12.100641073
    3.915824912   42.277575528   -5.981521261
    3.919359113   42.295250308   17.328988212
    3.922893314   42.364469541   17.699096093
    3.926427515   42.410672073    2.932347860
    3.929961716   42.376415052  -21.788990169
    3.933495917   42.287587370  -22.189406613
    3.937030118   42.246380416    2.719106116
    3.940564319   42.316258277   32.565626782
    3.944098520   42.460092804   41.809057307
    3.947632721   42.589643008   31.133758765
    3.951166922   42.677181432   16.669155138
    3.954701123   42.731112685   12.987714256
    3.958235324   42.774345265   11.701368569
    3.961769525   42.799076421    2.724869806
    3.965303726   42.785584280  -12.337735756
    3.968837927   42.721372198  -23.324389979
    3.972372129   42.635136201  -23.737449380
    3.975906330   42.573696466  -11.656219520
    3.979440531   42.550926096   -1.388676316
    3.982974732   42.559337765    4.590748282
    3.986508933   42.576068294    5.209730759
    3.990043134   42.590273010    1.679449873
    3.993577335   42.608655728    7.348031700
    3.997111536   42.632792643    7.977781511
    4.000645737   42.658491157    7.692818474
    4.004179938   42.675576012    2.920528774
    4.007714139   42.671830774   -5.160502832
    4.011248340   42.627027944  -19.454258865
    4.014782541   42.548088290  -24.535543357
    4.018316742   42.471609858  -18.777359995
    4.021850943   42.441190109    0.038657497
    4.025385144   42.469818812   14.640351434
    4.028919345   42.531672539   17.264711282
    4.032453546   42.573333694    5.837143831
    4.035987748   42.569721607   -7.495616512
    4.039521949   42.540845752   -7.158185895
    4.043056150   42.536626042    8.575369787
    4.046590351   42.593934113   22.708375018
    4.050124552   42.682333616   23.377215789
    4.053658753   42.749442926   14.692129464
    4.057192954   42.773818212    2.418695783
    4.060727155   42.780177957    4.558358529
    4.064261356   42.824991258   16.879149139
    4.067795557   42.880046143   15.732503714
    4.071329758   42.929520036   11.849960797
    4.074863959   42.937832515   -4.789996258
    4.078398160   42.911937803  -10.711893957
    4.081932361   42.861283399  -16.399582326
    4.085466562   42.797101053  -18.980079250
    4.089000763   42.724109891  -22.617058935
    4.092534964   42.660436571  -15.152998503
    4.096069165   42.625883102   -1.458658374
    4.099603367   42.648102440   11.478469837
    4.103137568   42.698768221   17.227973580
    4.106671769   42.748553003    5.647216575
    4.110205970   42.736751552  -11.646085303
    4.113740171   42.687370405  -13.280102084
    4.117274372   42.646010147   -4.808227687
    4.120808573   42.649161610    2.117775518
    4.124342774   42.672014291   10.387964889
    4.127876975   42.707108424   10.381084079
    4.131411176   42.733740100    7.476448678
    4.134945377   42.773659650   13.586985824
    4.138479578   42.837497578   23.795500048
    4.142013779   42.938967825   28.879465224
    4.145547980   43.010994594   12.172816618
    4.149082181   43.030332317   -2.993108171
    4.152616382   43.017585815   -1.285242968
    4.156150583   43.032286536   11.408096461
    4.159684784   43.093430710   19.146917556
    4.163218985   43.175979361   20.132504544
    4.166753187   43.226685389    9.009613198
    4.170287388   43.227302813   -7.405189980
    4.173821589   43.197023498   -8.782254843
    4.177355790   43.171237658   -7.504435490
    4.180889991   43.146068933   -6.260577593
    4.184424192   43.114658234  -11.830274039
    4.187958393   43.054181419  -17.165985482
    4.191492594   43.000773686  -11.255223849
    4.195026795   42.997380873    9.674236939
    4.198560996   43.062620349   26.575534402
    4.202095197   43.153936033   21.813735762
    4.205629398   43.202834998    7.656887331
    4.209163599   43.222552309    6.886904381
    4.212697800   43.273833225   18.955849420
    4.216232001   43.369148712   33.288607747
    4.219766202   43.508157732   41.254155063
    4.223300403   43.649969142   37.285190187
    4.226834604   43.763691535   27.527913083
    4.230368806   43.831390997   11.760972162
    4.233903007   43.871950541    5.647867528
    4.237437208   43.854942437  -12.421338812
    4.240971409   43.783261351  -26.645432943
    4.244505610   43.676612179  -31.914116512
    4.248039811   43.591472667  -16.612919447
    4.251574012   43.568279006   -0.536985948
    4.255108213   43.580278877    5.282708744
    4.258642414   43.591655366    2.046085623
    4.262176615   43.599106612    3.494597998
    4.265710816   43.635901525   18.551618502
    4.269245017   43.734679242   34.753397359
    4.272779218   43.857167539   28.132320450
    4.276313419   43.920863542   10.942311839
    4.279847620   43.935960049   -1.233904659
    4.283381821   43.942183669    3.894634273
    4.286916022   43.994156728   21.259558891
    4.290450223   44.068124203   16.516723625
    4.293984425   44.084414271   -9.893554488
    4.297518626   44.015080941  -26.847522412
    4.301052827   43.913479123  -23.319855569
    4.304587028   43.870245916   -0.964051406
    4.308121229   43.910954618   22.227073372
    4.311655430   44.001930243   21.493286376
    4.315189631   44.049317444    2.993021295
    4.318723832   44.037145597   -6.072406442
    4.322258033   44.012453999   -8.836599599
    4.325792234   44.004569103    3.665894246
    4.329326435   44.013082662    0.964585091
    4.332860636   43.996183373  -12.779153084
    4.336394837   43.933424835  -21.660268980
    4.339929038   43.861259627  -19.409720863
    4.343463239   43.829928674   -3.317800269
    4.346997440   43.852300384   14.994614380
    4.350531641   43.912108105   14.356466631
    4.354065842   43.944438816    1.966722699
    4.357600044   43.938603429   -6.722166711
    4.361134245   43.915615550   -5.795679352
    4.364668446   43.912305983    2.102148558
    4.368202647   43.945116730   12.043425781
    4.371736848   43.984510845    6.514921970
    4.375271049   43.978642564   -8.114840301
    4.378805250   43.950209576   -6.890841759
    4.382339451   43.938254325   -0.978775002
    4.385873652   43.961401437    7.226108582
    4.389407853   44.013096874   16.836952349
    4.392942054   44.054192357    3.520893024
    4.396476255   44.052316082   -1.965104563
    4.400010456   44.042678101    0.857311599
    4.403544657   44.063106363   11.065899631
    4.407078858   44.130862381   22.013433280
    4.410613059   44.200884506   12.222125748
    4.414147260   44.229395496    0.204048800
    4.417681461   44.214196233   -8.996368615
    4.421215662   44.181894127   -7.681709974
    4.424749864   44.176272595    6.446397126
    4.428284065   44.229223758   22.237299335
    4.431818266   44.312816138   19.277734918
    4.435352467   44.357377317    5.253033212
    4.438886668   44.362918395   -3.267478239
    4.442420869   44.337708105  -12.701137877
    4.445955070   44.298238325   -9.348514713
    4.449489271   44.284425062   -4.093349603
    4.453023472   44.276126988   -1.243551244
    4.456557673   44.284799558    5.792002118
    4.460091874   44.322142167   12.354862812
    4.463626075   44.364599402    7.748966593
    4.467160276   44.398799454   13.316316888
    4.470694477   44.436486352    9.224059340
    4.474228678   44.456541128    2.233930005
    4.477762879   44.455659793   -0.805655000
    4.481297080   44.468523436    7.321076876
    4.484831281   44.518708855   21.211277524
    4.488365483   44.606829843   27.796714978
    4.491899684   44.694385294   18.808431752
    4.495433885   44.729828114    1.281595147
    4.498968086   44.702551709  -17.024996510
    4.502502287   44.633048261  -20.267971736
    4.506036488   44.565973933  -18.144601014
    4.509570689   44.528727467   -4.929567698
    4.513104890   44.530791034    5.288560843
    4.516639091   44.577802027   16.981228867
    4.520173292   44.639865400   13.458050100
    4.523707493   44.680338733    9.024288266
    4.527241694   44.705097524    8.885862763
    4.530775895   44.750206718   18.070858255
    4.534310096   44.821809725   17.722669247
    4.537844297   44.888249538   17.386737761
    4.541378498   44.916127290   -3.153661606
    4.544912699   44.883869436  -14.992649040
    4.548446900   44.824776699  -14.605955020
    4.551981102   44.797056343   -3.893386743
    4.555515303   44.793900124    1.872790123
    4.559049504   44.796568792   -2.054157949
    4.562583705   44.769993925  -12.654475312
    4.566117906   44.736064193   -5.746899096
    4.569652107   44.743325297   11.540172620
    4.573186308   44.809471616   24.487670997
    4.576720509   44.884464126   14.820334384
    4.580254710   44.907289728   -2.354567722
    4.583788911   44.883809216   -8.033205121
    4.587323112   44.875917769    3.627097340
    4.590857313   44.922251767   24.899026122
    4.594391514   45.036981124   35.701782724
    4.597925715   45.149042726   27.472740750
    4.601459916   45.211306976    6.376707618
    4.604994117   45.207122692   -8.425937684
    4.608528318   45.174377801   -8.778246669
    4.612062519   45.143136511  -11.776534841
    4.615596721   45.111263037   -8.596161735
    4.619130922   45.085593962   -6.209724171
    4.622665123   45.080053330    1.158677282
    4.626199324   45.114831272   16.435259709
    4.629733525   45.190572514   24.191567239
    4.633267726   45.286056094   27.152255580
    4.636801927   45.375758326   19.499628777
    4.640336128   45.417846464    3.448747731
    4.643870329   45.404448345   -7.831387813
    4.647404530   45.378263058   -8.281777471
    4.650938731   45.346043048   -9.189251184
    4.654472932   45.317642158   -8.286233042
    4.658007133   45.281666131  -12.853477378
    4.661541334   45.238759190  -11.658711165
    4.665075535   45.205041953   -5.866023354
    4.668609736   45.195630605    1.665324261
    4.672143937   45.206471311    1.730207173
    4.675678138   45.217989256   -0.121477732
    4.679212339   45.215154628   -1.741836785
    4.682746541   45.211827113    0.502155684
    4.686280742   45.234853193   12.388266184
    4.689814943   45.299516929   22.157073688
    4.693349144   45.377602176   20.649465856
    4.696883345   45.436770049    8.097039516
    4.700417546   45.436608356   -9.279413603
    4.703951747   45.383338073  -20.353123745
    4.707485948   45.302830927  -22.291284912
    4.711020149   45.242418170  -10.292388798
    4.714554350   45.226381840    1.493512613
    4.718088551   45.238190854    2.786755340
    4.721622752   45.240006472    1.152570379
    4.725156953   45.252754020    5.689755032
    4.728691154   45.286512362   16.433378233
    4.732225355   45.340903955   13.472779061
    4.735759556   45.371129302    3.036631123
    4.739293757   45.345965002  -19.465862285
    4.742827958   45.250602969  -31.685297385
    4.746362160   45.149050523  -25.053234188
    4.749896361   45.108360872   -0.763941491
    4.753430562   45.153692595   22.762876496
    4.756964763   45.241657999   24.258140233
    4.760498964   45.298133040    7.903827359
    4.764033165   45.288060818  -12.972959934
    4.767567366   45.240110982  -10.930527873
    4.771101567   45.217074570   -2.078379055
    4.774635768   45.225714539    5.918898450
    4.778169969   45.240779243    3.022711156
    4.781704170   45.237654814   -3.590299019
    4.785238371   45.219560251   -3.522035133
    4.788772572   45.225363564    7.698765112
    4.792306773   45.274909640   24.014227197
    4.795840974   45.358487768   21.009830970
    4.799375175   45.416413420    9.882774452
    4.802909376   45.412996896   -8.469658178
    4.806443577   45.367455016  -15.091607010
    4.809977779   45.322469825  -10.324631594
    4.813511980   45.307552676   -1.919943831
    4.817046181   45.289697454  -11.387576324
    4.820580382   45.234428575  -19.393842726
    4.824114583   45.192288663   -3.979426484
    4.827648784   45.223991623   22.602926496
    4.831182985   45.317236373   29.874013698
    4.834717186   45.395630969   10.748025739
    4.838251387   45.393293310  -15.212865159
    4.841785588   45.297151001  -34.198285657
    4.845319789   45.187356555  -24.575672389
    4.848853990   45.132964735   -2.900456400
    4.852388191   45.153176000   10.524690902
    4.855922392   45.196071982    9.647880502
    4.859456593   45.209114109   -2.580545294
    4.862990794   45.177515854   -8.716096382
    4.866524995   45.144986045   -6.535330979
    4.870059196   45.142304985    1.738104311
    4.873593397   45.147679756    0.223502826
    4.877127599   45.146912781   -2.883569047
    4.880661800   45.146142616    2.039226605
    4.884196001   45.163980852    8.491352505
    4.887730202   45.213748101   17.943340526
    4.891264403   45.290547528   24.734479770
    4.894798604   45.384886999   22.598930471
    4.898332805   45.449196665   10.887908406
    4.901867006   45.464910016   -1.918269762
    4.905401207   45.442371380   -9.938414285
    4.908935408   45.403868143  -15.795436870
    4.912469609   45.346887080  -12.362213726
    4.916003810   45.324717785   -2.345943445
    4.919538011   45.325959912    4.316471072
    4.923072212   45.356119880    9.573386602
    4.926606413   45.400865011   14.102749366
    4.930140614   45.451630042   16.711036268
    4.933674815   45.506575538   16.536290633
    4.937209016   45.561912472   15.681949269
    4.940743218   45.590798923   -0.807971769
    4.944277419   45.552021477  -20.501804556
    4.947811620   45.462250378  -30.388524830
    4.951345821   45.369067355  -19.794832518
    4.954880022   45.348538657    9.606984876
    4.958414223   45.442429605   40.836873516
    4.961948424   45.596263977   42.822667021
    4.965482625   45.720485241   20.534789320
    4.969016826   45.734026981  -11.437369868
    4.972551027   45.678365415  -20.361389693
    4.976085228   45.619118949   -9.919798527
    4.979619429   45.620575960    4.734216114
    4.983153630   45.660593817   15.361577798
    4.986687831   45.724092281   15.859596410
    4.990222032   45.773933456   12.804604617
    4.993756233   45.815394133   11.423962427
    4.997290434   45.848004557    5.975571804
    5.000824635   45.870397418    8.302092825
    5.004358837   45.889631347    4.339554880
    5.007893038   45.903181401    3.294727104
    5.011427239   45.914082483    5.508449399
    5.014961440   45.942650065    9.586012102
    5.018495641   45.975487177    7.997262830
    5.022029842   46.005953436    8.690708898
    5.025564043   46.037743995    9.513938659
    5.029098244   46.074758374   13.482022009
    5.032632445   46.132423090   17.987400518
    5.036166646   46.204195217   20.326329450
    5.039700847   46.271316941   19.455359625
    5.043235048   46.347565778   20.085472917
    5.046769249   46.416137755   20.097599757
    5.050303450   46.476743065   10.664721761
    5.053837651   46.508094293    5.410623143
    5.057371852   46.530825427    6.386125666
    5.060906053   46.567980747   15.963907081
    5.064440254   46.641492634   28.302842269
    5.067974456   46.735629603   22.587489600
    5.071508657   46.805704879   15.945327906
    5.075042858   46.842891076    4.761486495
    5.078577059   46.843104766   -5.622153616
    5.082111260   46.817818463   -8.318651325
    5.085645461   46.788349324   -8.748555918
    5.089179662   46.768991114   -1.972425340
    5.092713863   46.769701784    0.080418933
    5.096248064   46.770843643    0.374128203
    5.099782265   46.757548070   -2.884749862
    5.103316466   46.747904849   -3.615876916
    5.106850667   46.734801989   -2.396867221
    5.110384868   46.724790357   -1.423510518
    5.113919069   46.715886788   -6.761863231
    5.117453270   46.671061199  -15.564762418
    5.120987471   46.622071793  -11.809146750
    5.124521672   46.609903803    4.177559067
    5.128055873   46.661053136   24.313216473
    5.131590074   46.771189948   34.455832980
    5.135124276   46.894513945   31.598753382
    5.138658477   46.954618314    5.679761788
    5.142192678   46.947755117   -5.818770827
    5.145726879   46.927804290   -3.502863499
    5.149261080   46.940225457    6.980474633
    5.152795281   46.989714657   21.355855132
    5.156329482   47.068732748   20.749737465
    5.159863683   47.140928939   15.965123597
    5.163397884   47.178477375    9.632859800
    5.166932085   47.233966773   23.915257792
    5.170466286   47.335391603   31.753574241
    5.174000487   47.437567655   22.636442257
    5.177534688   47.481934033    2.931547227
    5.181068889   47.475976861   -2.723793081
    5.184603090   47.480962729    8.314374099
    5.188137291   47.541159796   28.326612631
    5.191671492   47.681743707   42.899948949
    5.195205693   47.817242562   28.489028781
    5.198739895   47.876583967    1.048352199
    5.202274096   47.850614960  -13.836650799
    5.205808297   47.817370213   -4.055962089
    5.209342498   47.836664989   18.211838685
    5.212876699   47.926041197   31.070485264
    5.216410900   48.025988011   26.158435660
    5.219945101   48.099110682   11.996760729
    5.223479302   48.133793453   10.733204003
    5.227013503   48.180353715   16.134844368
    5.230547704   48.239631241   13.686673164
    5.234081905   48.251800808   -6.504753035
    5.237616106   48.211564052  -12.575540159
    5.241150307   48.147722199  -17.189500151
    5.244684508   48.128502725    7.555073786
    5.248218709   48.213867151   37.111379727
    5.251752910   48.381141656   53.328727979
    5.255287111   48.533601392   28.601451103
    5.258821312   48.585872546    2.869754407
    5.262355514   48.561584222  -15.190824831
    5.265889715   48.521454453   -5.770771507
    5.269423916   48.529158509    8.815414951
    5.272958117   48.589541483   21.716228753
    5.276492318   48.646797384    7.841549675
    5.280026519   48.633281410  -14.213903521
    5.283560720   48.565763048  -19.485638984
    5.287094921   48.535314694    5.948484040
    5.290629122   48.615936373   36.553911940
    5.294163323   48.774940536   49.715244990
    5.297697524   48.927796634   30.425284136
    5.301231725   48.959490510   -9.759785209
    5.304765926   48.881836543  -32.310447531
    5.308300127   48.782113595  -22.270383769
    5.311834328   48.739599780    1.017639137
    5.315368529   48.781771705   21.562048201
    5.318902730   48.876765585   28.485254887
    5.322436931   48.978426918   27.967432418
    5.325971132   49.040378697    6.962083477
    5.329505334   49.058403060    0.301406193
    5.333039535   49.039706313   -8.934099155
    5.336573736   49.012618862   -6.468950980
    5.340107937   49.006213792    1.676786532
    5.343642138   49.050972461   23.297715031
    5.347176339   49.160937864   37.992843599
    5.350710540   49.297075601   34.603092111
    5.354244741   49.391374218   15.130658278
    5.357778942   49.401387129   -6.504245811
    5.361313143   49.352558882  -20.775828085
    5.364847344   49.297972074  -10.923683573
    5.368381545   49.281553385    3.717306581
    5.371915746   49.318136429   18.997776861
    5.375449947   49.414743176   29.912894835
    5.378984148   49.519072634   26.623953501
    5.382518349   49.606526806   19.481241000
    5.386052550   49.657017897   11.516743577
    5.389586751   49.695954738   11.227796871
    5.393120953   49.743626002   16.944563993
    5.396655154   49.803099278   18.607706254
    5.400189355   49.867838631   15.834182568
    5.403723556   49.912856993    7.727918195
    5.407257757   49.928212526    1.541406340
    5.410791958   49.929835896    0.198370394
    5.414326159   49.953258396   12.255013581
    5.417860360   50.013448831   21.609388501
    5.421394561   50.089875071   19.796122130
    5.424928762   50.141308621    8.145099333
    5.428462963   50.157449834    7.243959990
    5.431997164   50.205374769   19.792043862
    5.435531365   50.331034382   48.017992353
    5.439065566   50.545101453   69.903945776
    5.442599767   50.785954281   58.604499862
    5.446133968   50.919560693   12.385772352
    5.449668169   50.883423242  -28.825263729
    5.453202370   50.784024712  -18.620643051
    5.456736572   50.824777821   51.983754311
    5.460270773   51.134987269  119.855172900
    5.463804974   51.593432196  117.862796712
    5.467339175   51.843322808    1.438727664
    5.470873376   51.537418103 -165.474529798
    5.474407577   50.832954010 -200.174708122
    5.477941778   50.403238344   -6.121942673
    5.481475979   50.958771896  318.962001046
    5.485010180   52.419069681  444.536900696
    5.488544381   53.521154795   96.214302398
    5.492078582   52.703464259 -567.829759214
    5.495612783   49.946651799 -846.644515505
    5.499146984   48.265045655  172.192480783
    5.502681185   53.223323819 2904.965968918
    5.506215386   70.257295672 6837.406847314
    5.509749587  101.420604633 10650.905592570
    5.513283788  143.739412701 12957.767135117
    5.516817989  190.374866694 13061.955742846
    5.520352191  233.759043204 11229.136584349
    5.523886392  268.525918660 8360.898609377
    5.527420593  292.819004274 5448.025514735
    5.530954794  307.734482553 3121.283119027
    5.534488995  315.818326015 1574.866563157
    5.538023196  319.655288928  684.296338862
    5.541557397  321.196088472  246.577258347
    5.545091598  321.703039572   68.528158441
    5.548625799  321.816026797    8.322434174
    5.552160000  321.825194344   -0.000000000
