#! FIELDS D0 file.free der_D0
#! SET min_D0 0.197684
#! SET max_D0 5.54609
#! SET nbins_D0  1514
#! SET periodic_D0 false
    0.197684000  221.916862748   -0.278792359
    0.201218968  221.909386286   -5.585954852
    0.204753935  221.854286569  -30.707537406
    0.208288903  221.629127448 -107.696317375
    0.211823870  220.980908483 -281.709093428
    0.215358838  219.429433110 -631.556764993
    0.218893806  216.205225021 -1242.406386222
    0.222428773  210.280456441 -2161.996926057
    0.225963741  200.625210245 -3332.295304341
    0.229498709  186.638352242 -4568.667328510
    0.233033676  168.599247873 -5571.672233397
    0.236568644  147.876310008 -6047.123274146
    0.240103611  126.632874727 -5861.964997633
    0.243638579  107.100748297 -5116.330072882
    0.247173547   90.775385873 -4104.432412547
    0.250708514   77.998493748 -3159.450538661
    0.254243482   68.115557160 -2486.276989561
    0.257778449   60.061734963 -2112.781884034
    0.261313417   52.969344940 -1915.745439030
    0.264848385   46.473831034 -1754.155756833
    0.268383352   40.619704127 -1548.944125185
    0.271918320   35.571181014 -1305.512943068
    0.275453288   31.365787721 -1079.791967898
    0.278988255   27.884532472 -897.987646371
    0.282523223   24.970388970 -755.776804296
    0.286058190   22.505530256 -640.994974948
    0.289593158   20.407335241 -549.167025975
    0.293128126   18.609623161 -471.773592075
    0.296663093   17.050888747 -415.376967521
    0.300198061   15.651053134 -379.845588764
    0.303733028   14.341855708 -360.763510071
    0.307267996   13.082299804 -353.213235699
    0.310802964   11.833130750 -354.013400418
    0.314337931   10.566271664 -361.618747630
    0.317872899    9.282425181 -362.800043791
    0.321407866    8.016724584 -349.766645608
    0.324942834    6.835829138 -319.559950320
    0.328477802    5.775868351 -279.261225088
    0.332012769    4.846514830 -245.623202989
    0.335547737    4.027948038 -215.739237647
    0.339082705    3.307325096 -190.878383350
    0.342617672    2.691720421 -158.655556551
    0.346152640    2.183034956 -128.274124259
    0.349687607    1.793877928  -93.079365278
    0.353222575    1.527446962  -57.789851310
    0.356757543    1.379490882  -27.157460489
    0.360292510    1.320899923   -7.600407940
    0.363827478    1.324052286    7.672764833
    0.367362445    1.368528340   15.265413858
    0.370897413    1.427080367   17.490437993
    0.374432381    1.494585030   24.457576371
    0.377967348    1.608187971   40.391920303
    0.381502316    1.793001449   63.061621225
    0.385037284    2.051029582   84.586267848
    0.388572251    2.378384665   98.465023817
    0.392107219    2.735018179  102.341202046
    0.395642186    3.093133996   97.600339795
    0.399177154    3.439372074   97.272985466
    0.402712122    3.771825482   93.519028018
    0.406247089    4.091603454   87.622536505
    0.409782057    4.378356211   74.798472877
    0.413317024    4.628293410   65.283213879
    0.416851992    4.843041083   56.118161296
    0.420386960    5.025917426   46.572809380
    0.423921927    5.170679595   32.022174612
    0.427456895    5.243583771    6.016819534
    0.430991863    5.209858446  -25.960632942
    0.434526830    5.064991239  -54.460339500
    0.438061798    4.829440343  -78.498727055
    0.441596765    4.519321356  -94.807380479
    0.445131733    4.171777516 -100.573727503
    0.448666701    3.809022377 -104.951640370
    0.452201668    3.432527294 -110.289379226
    0.455736636    3.024905779 -118.927536362
    0.459271603    2.580885102 -130.628544170
    0.462806571    2.110552374 -134.523042152
    0.466341539    1.654710324 -123.887312991
    0.469876506    1.257460457 -101.262905849
    0.473411474    0.928056108  -84.147213537
    0.476946442    0.643247873  -76.153894449
    0.480481409    0.395581662  -64.515333474
    0.484016377    0.194090079  -47.419233478
    0.487551344    0.057934398  -26.357175002
    0.491086312    0.000000000   -7.510939884
    0.494621280    0.005724030    6.677083789
    0.498156247    0.044726700   15.609284800
    0.501691215    0.115866819   25.514458707
    0.505226182    0.229366165   40.469872097
    0.508761150    0.399268166   59.216407122
    0.512296118    0.642742592   76.437387935
    0.515831085    0.942595897   90.822383850
    0.519366053    1.266303021   93.035456021
    0.522901020    1.606470042   98.573163317
    0.526435988    1.963910915  104.843630148
    0.529970956    2.348410370  112.926939406
    0.533505923    2.773502187  127.091258874
    0.537040891    3.248495037  136.286608876
    0.540575859    3.735602520  138.372149176
    0.544110826    4.218785008  136.389334444
    0.547645794    4.684289454  128.848013193
    0.551180761    5.136812521  128.071640481
    0.554715729    5.592670422  130.887728546
    0.558250697    6.052253362  129.645685553
    0.561785664    6.504800562  123.914420628
    0.565320632    6.931236308  114.881142719
    0.568855599    7.310419066   99.346276898
    0.572390567    7.632876815   84.488305943
    0.575925535    7.900703692   67.894741040
    0.579460502    8.121474471   57.615747960
    0.582995470    8.303906099   45.302042438
    0.586530438    8.456891538   39.038543081
    0.590065405    8.571352404   26.927039308
    0.593600373    8.660764272   22.704744100
    0.597135340    8.737367525   20.868668893
    0.600670308    8.820359434   27.863517994
    0.604205276    8.948021401   40.526618154
    0.607740243    9.097580393   39.818277845
    0.611275211    9.225953771   31.172088354
    0.614810178    9.297192822   11.481994890
    0.618345146    9.301716982   -5.952683606
    0.621880114    9.258419112  -16.716804945
    0.625415081    9.177607453  -26.650323578
    0.628950049    9.069869036  -32.765837173
    0.632485017    8.963554098  -28.176910829
    0.636019984    8.876799660  -19.733067338
    0.639554952    8.828544486   -6.632112015
    0.643089919    8.839026690    9.087494126
    0.646624887    8.874475900   10.504756119
    0.650159855    8.901312740    3.057384887
    0.653694822    8.885191983   -9.760114923
    0.657229790    8.837617300  -17.517285169
    0.660764757    8.773931033  -18.763072161
    0.664299725    8.713328124  -16.271364960
    0.667834693    8.669084145   -8.188928963
    0.671369660    8.653932047   -0.360007677
    0.674904628    8.658584529    2.118618306
    0.678439596    8.671636668    4.854404461
    0.681974563    8.682517979    0.986874987
    0.685509531    8.679390285    1.554259270
    0.689044498    8.685267381    4.375199581
    0.692579466    8.710732602    9.376614928
    0.696114434    8.755882451   16.648328720
    0.699649401    8.813252965   14.818751061
    0.703184369    8.853835127    7.183242561
    0.706719336    8.865983527    0.706300791
    0.710254304    8.859028434   -2.983949010
    0.713789272    8.865430502    5.935848674
    0.717324239    8.914339740   23.035052364
    0.720859207    9.017068087   32.690037011
    0.724394174    9.130181502   31.422956368
    0.727929142    9.222924123   19.981609486
    0.731464110    9.280102428   12.305221163
    0.734999077    9.322515740   15.948438290
    0.738534045    9.393247318   22.991366377
    0.742069013    9.473916823   20.101369035
    0.745603980    9.534457510   14.923388822
    0.749138948    9.571555536    7.976927396
    0.752673915    9.604095652   14.227797897
    0.756208883    9.682618317   32.557429718
    0.759743851    9.811170046   42.146971651
    0.763278818    9.967252094   41.221480351
    0.766813786   10.099425116   29.149287667
    0.770348753   10.172590086   11.876434163
    0.773883721   10.209837558    8.533111019
    0.777418689   10.240701361    9.375839548
    0.780953656   10.272704438    8.799091216
    0.784488624   10.310288460    8.906732671
    0.788023592   10.338041783    5.436471537
    0.791558559   10.340396643   -4.790265002
    0.795093527   10.316054023   -7.594917316
    0.798628494   10.285580941   -8.162525351
    0.802163462   10.275005654    1.159111235
    0.805698430   10.302333340   13.836914458
    0.809233397   10.355328484   12.841810722
    0.812768365   10.384480858    2.076247764
    0.816303332   10.363068502  -13.500561514
    0.819838300   10.295963807  -21.424693882
    0.823373268   10.231014097  -13.141542952
    0.826908235   10.208650366   -3.543126801
    0.830443203   10.209608803    2.556066743
    0.833978171   10.211873347   -5.703540191
    0.837513138   10.161607816  -23.297767154
    0.841048106   10.055255334  -33.940703398
    0.844583073    9.947873877  -27.147481581
    0.848118041    9.869965184  -15.255649530
    0.851653009    9.831773099   -8.181664729
    0.855187976    9.799052668  -13.680511261
    0.858722944    9.734060184  -21.728538410
    0.862257911    9.650514127  -24.222132362
    0.865792879    9.579824633  -13.907118107
    0.869327847    9.551653940   -1.507213114
    0.872862814    9.560420624    3.760960512
    0.876397782    9.578881194    2.228685855
    0.879932750    9.586106258   -0.683982968
    0.883467717    9.588089217    4.367780044
    0.887002685    9.608058818    8.883647832
    0.890537652    9.663085259   21.208718942
    0.894072620    9.753653068   28.491377869
    0.897607588    9.862259988   29.853293485
    0.901142555    9.972630362   29.599218589
    0.904677523   10.075380939   26.155268490
    0.908212490   10.153729283   20.021212274
    0.911747458   10.221572152   20.866015328
    0.915282426   10.301320833   23.242790340
    0.918817393   10.394410803   30.287912399
    0.922352361   10.503269351   29.971967306
    0.925887328   10.601803618   24.833507990
    0.929422296   10.688083681   24.360420872
    0.932957264   10.781271849   27.893803455
    0.936492231   10.896722185   38.010933875
    0.940027199   11.038249998   39.800730813
    0.943562167   11.166129249   31.232948811
    0.947097134   11.250760445   15.931322952
    0.950632102   11.303972292   13.675056030
    0.954167069   11.387713066   33.386489905
    0.957702037   11.536274458   49.000370596
    0.961237005   11.722001145   50.351380558
    0.964771972   11.861994477   25.557701256
    0.968306940   11.906382923    0.509795790
    0.971841907   11.881136986   -8.840274744
    0.975376875   11.874897011    6.893984100
    0.978911843   11.933985008   26.699144254
    0.982446810   12.052948193   38.723949454
    0.985981778   12.178132754   30.923885458
    0.989516746   12.273584471   22.945351054
    0.993051713   12.342502545   16.731912840
    0.996586681   12.402096137   16.808190142
    1.000121648   12.460817077   16.034032119
    1.003656616   12.511965780   10.999558893
    1.007191584   12.538065342    4.670232156
    1.010726551   12.551855343    2.342609236
    1.014261519   12.561185660    3.053655742
    1.017796486   12.572356261    4.816689525
    1.021331454   12.584433205    2.586032959
    1.024866422   12.588155869   -1.040587860
    1.028401389   12.581009655   -2.420517759
    1.031936357   12.566716246   -6.365690761
    1.035471325   12.536982135  -12.145202715
    1.039006292   12.486710852  -17.572161326
    1.042541260   12.419207496  -18.826411125
    1.046076227   12.364528610  -10.955778910
    1.049611195   12.353378280    4.784833032
    1.053146163   12.394943474   17.482523944
    1.056681130   12.453703059   16.230934047
    1.060216098   12.508766488   13.524125960
    1.063751065   12.549626941    7.178504768
    1.067286033   12.561973362   -0.661909700
    1.070821001   12.548278351   -6.030894053
    1.074355968   12.511376730  -13.031836548
    1.077890936   12.466518175  -13.142661228
    1.081425904   12.425106731  -10.724728957
    1.084960871   12.388995535  -10.656610769
    1.088495839   12.355815354   -8.506601794
    1.092030806   12.312036461  -15.484474997
    1.095565774   12.236331002  -23.318389865
    1.099100742   12.157167757  -18.883843438
    1.102635709   12.100459396   -9.543709506
    1.106170677   12.096285309    6.015560027
    1.109705644   12.140819546   17.163693045
    1.113240612   12.192072256   10.680709301
    1.116775580   12.208361993   -0.049719230
    1.120310547   12.197434890   -5.563787355
    1.123845515   12.178226289   -3.177856029
    1.127380482   12.187310954    9.237405263
    1.130915450   12.253734576   25.921472073
    1.134450418   12.361905848   33.681940955
    1.137985385   12.483120823   32.464396003
    1.141520353   12.577863260   21.597414007
    1.145055321   12.623788263    9.710733741
    1.148590288   12.653091975    5.916069504
    1.152125256   12.692143176   18.931849039
    1.155660223   12.782687190   31.621381772
    1.159195191   12.912004971   38.685810853
    1.162730159   13.023349424   22.782189951
    1.166265126   13.069178604    2.651070451
    1.169800094   13.053497133   -9.561619372
    1.173335061   13.009846972  -11.775676548
    1.176870029   12.991784596    3.801044287
    1.180404997   13.049020154   29.017462199
    1.183939964   13.173731562   41.465688479
    1.187474932   13.316407492   38.048310715
    1.191009900   13.436766088   28.318455137
    1.194544867   13.522819532   22.710355642
    1.198079835   13.602519607   23.019543865
    1.201614802   13.694107497   27.371485948
    1.205149770   13.796471343   30.182807731
    1.208684738   13.897738624   25.479346085
    1.212219705   13.973270184   17.274367181
    1.215754673   14.021331566   12.690313622
    1.219289640   14.067801625   13.513023623
    1.222824608   14.130770049   23.241770091
    1.226359576   14.220474176   24.747633396
    1.229894543   14.303108786   21.182961193
    1.233429511   14.349845993    7.030202251
    1.236964479   14.368250796    2.564042705
    1.240499446   14.392190542    9.437157651
    1.244034414   14.428869752   11.024442217
    1.247569381   14.471303302   12.262784394
    1.251104349   14.516915565   12.117160926
    1.254639317   14.543835640    3.122505484
    1.258174284   14.545630995   -0.335867956
    1.261709252   14.558609841    7.241894530
    1.265244219   14.609346891   20.591554604
    1.268779187   14.687811595   23.096911312
    1.272314155   14.767458483   18.329935594
    1.275849122   14.811340332    5.366111894
    1.279384090   14.796024786  -12.127796628
    1.282919058   14.741748367  -16.894225065
    1.286454025   14.688622777  -10.496790029
    1.289988993   14.665111048   -3.525556476
    1.293523960   14.666606477    1.668645886
    1.297058928   14.665860272   -3.367926585
    1.300593896   14.661296833    0.486094082
    1.304128863   14.664230872    2.780626339
    1.307663831   14.678651179    4.535971653
    1.311198798   14.685474336   -3.127034097
    1.314733766   14.647465859  -18.376544949
    1.318268734   14.569556020  -24.909904026
    1.321803701   14.488927821  -18.876395048
    1.325338669   14.432301421  -11.499421819
    1.328873636   14.410262895   -3.179121410
    1.332408604   14.408114210   -1.676626106
    1.335943572   14.385255408  -15.150233331
    1.339478539   14.301964945  -29.339331369
    1.343013507   14.202744832  -27.367924731
    1.346548475   14.127395597  -15.225580068
    1.350083442   14.097976157    1.134535342
    1.353618410   14.127988414   15.250788024
    1.357153377   14.185218184   16.699108582
    1.360688345   14.237881245   12.958865086
    1.364223313   14.267864176    2.946916049
    1.367758280   14.263915346   -4.906878571
    1.371293248   14.245330052   -4.980188123
    1.374828215   14.232712107   -2.244007993
    1.378363183   14.223140794   -5.186839639
    1.381898151   14.193206983  -12.973018124
    1.385433118   14.135904299  -18.797780908
    1.388968086   14.075610534  -14.630418195
    1.392503054   14.051440087    0.338786210
    1.396038021   14.078390266   14.572324037
    1.399572989   14.142392934   20.273426425
    1.403107956   14.202215505    9.986814484
    1.406642924   14.214656035   -3.718918823
    1.410177892   14.201835724   -2.186195981
    1.413712859   14.209196121    6.215393044
    1.417247827   14.243787045   12.076777543
    1.420782794   14.280483066   10.083978140
    1.424317762   14.299012036    0.209684480
    1.427852730   14.277100310  -11.028493746
    1.431387697   14.230260808  -14.850667524
    1.434922665   14.175493943  -17.179464466
    1.438457633   14.117978937  -14.607591929
    1.441992600   14.065895178  -14.840793922
    1.445527568   14.015892392  -14.466672983
    1.449062535   13.965791613  -14.065824814
    1.452597503   13.930537721   -6.581790901
    1.456132471   13.912526635   -6.415644267
    1.459667438   13.885970320   -9.598336557
    1.463202406   13.842641499  -13.227899239
    1.466737373   13.798237467  -11.663803847
    1.470272341   13.774826196   -2.915894071
    1.473807309   13.767576095   -1.452269295
    1.477342276   13.751467559   -7.841035657
    1.480877244   13.707807214  -18.831161789
    1.484412212   13.636603983  -20.553457262
    1.487947179   13.574374144  -13.164051615
    1.491482147   13.539102908   -5.198008427
    1.495017114   13.521427161   -7.620182722
    1.498552082   13.479906388  -17.183318684
    1.502087050   13.405327202  -20.725523700
    1.505622017   13.332746837  -18.487986347
    1.509156985   13.297825954   -0.673030738
    1.512691952   13.295091096   -2.744584226
    1.516226920   13.268705939  -13.270076046
    1.519761888   13.175878268  -34.551533049
    1.523296855   13.055074675  -29.353830416
    1.526831823   12.976509535  -14.033994214
    1.530366790   12.968101198    6.909732576
    1.533901758   13.016015120   17.639356688
    1.537436726   13.061540586    8.741206325
    1.540971693   13.063394349   -8.295180259
    1.544506661   13.019659558  -13.692734518
    1.548041629   12.980766053   -6.123976829
    1.551576596   12.980075394    4.562836526
    1.555111564   13.015499076    9.329745668
    1.558646531   13.036100992    0.247174401
    1.562181499   13.002487440  -17.273770480
    1.565716467   12.926436368  -26.210200979
    1.569251434   12.847749306  -16.872836115
    1.572786402   12.814174399    0.704307636
    1.576321369   12.844125486   16.072590633
    1.579856337   12.919133875   24.009478801
    1.583391305   12.997927135   18.199481279
    1.586926272   13.053089986   13.031940078
    1.590461240   13.082304483    9.425030268
    1.593996208   13.129107358   17.774709057
    1.597531175   13.188868081   14.250997119
    1.601066143   13.229944361    8.325111821
    1.604601110   13.237324056   -4.928928098
    1.608136078   13.199983101  -11.739275616
    1.611671046   13.163996250   -4.193879056
    1.615206013   13.181788189   14.549645935
    1.618740981   13.262943085   30.399495259
    1.622275948   13.384435339   36.243169750
    1.625810916   13.501329610   24.854292518
    1.629345884   13.559292762    7.453753741
    1.632880851   13.556926033   -4.843580098
    1.636415819   13.534444423   -6.256445295
    1.639950787   13.533649224    6.700250036
    1.643485754   13.574009097   14.980578267
    1.647020722   13.639004792   21.306826190
    1.650555689   13.713613777   19.498336091
    1.654090657   13.774789130   13.359674145
    1.657625625   13.816735122    8.800254389
    1.661160592   13.831316013   -0.190860240
    1.664695560   13.816451917   -4.871142012
    1.668230527   13.797116432   -4.239615546
    1.671765495   13.796486675    6.135619756
    1.675300463   13.833717188   15.643167020
    1.678835430   13.910062040   24.479177433
    1.682370398   13.995155609   22.341950947
    1.685905365   14.052391050   10.123151283
    1.689440333   14.076880374    4.572878546
    1.692975301   14.091800955    6.436975695
    1.696510268   14.119488491    9.438454267
    1.700045236   14.144440467    4.674272818
    1.703580204   14.141833299   -7.220343194
    1.707115171   14.091916556  -17.850646442
    1.710650139   14.032147962  -13.899817890
    1.714185106   14.006387429   -0.956944746
    1.717720074   14.035235545   16.971918010
    1.721255042   14.088983797    9.242485592
    1.724790009   14.099252248   -4.156825884
    1.728324977   14.064569337  -16.215929900
    1.731859944   13.999194247  -18.184748040
    1.735394912   13.951197894   -6.984011096
    1.738929880   13.942160488    2.136422073
    1.742464847   13.952314301    3.618305079
    1.745999815   13.956735295   -2.284198042
    1.749534783   13.923615259  -16.971300744
    1.753069750   13.863328264  -14.154344518
    1.756604718   13.828047574   -7.618157477
    1.760139685   13.817266356   -1.762907407
    1.763674653   13.811695929   -0.493093610
    1.767209621   13.808517332   -1.847265369
    1.770744588   13.797734209   -2.803026582
    1.774279556   13.791284556    0.369161379
    1.777814523   13.806442663    7.806291455
    1.781349491   13.843511566   13.198900714
    1.784884459   13.892807045   12.669456762
    1.788419426   13.932716323    9.080408086
    1.791954394   13.941327740   -4.627463567
    1.795489362   13.918558311   -6.798152224
    1.799024329   13.894064092   -5.838003624
    1.802559297   13.885287691    0.167558207
    1.806094264   13.893033755    2.663732852
    1.809629232   13.905647838    3.555715896
    1.813164200   13.925859019    8.246582375
    1.816699167   13.958746418    9.630206119
    1.820234135   13.994732796   13.922141218
    1.823769102   14.062653632   21.373645364
    1.827304070   14.128071873   12.362191424
    1.830839038   14.157195460    3.919547575
    1.834374005   14.163531768    2.211280351
    1.837908973   14.183266823   10.646653687
    1.841443941   14.242388948   22.243250901
    1.844978908   14.333574253   29.556230538
    1.848513876   14.426072804   21.470116761
    1.852048843   14.481070280   12.280580997
    1.855583811   14.511967474    6.620022985
    1.859118779   14.540705737   10.179891318
    1.862653746   14.583308864   14.640524199
    1.866188714   14.641105246   19.449495842
    1.869723681   14.713268576   22.461897803
    1.873258649   14.784681701   17.200054196
    1.876793617   14.837557831   11.764803982
    1.880328584   14.870519535    6.218692776
    1.883863552   14.899741439    9.965485635
    1.887398519   14.942256501   13.523301777
    1.890933487   15.001465172   19.788470394
    1.894468455   15.059432157    9.965859605
    1.898003422   15.079264001    2.123550416
    1.901538390   15.075011208   -2.932319670
    1.905073358   15.059215813   -4.937079145
    1.908608325   15.049978095    0.518894388
    1.912143293   15.054483155    2.289715637
    1.915678260   15.064392001    3.820856826
    1.919213228   15.073217214    3.296681938
    1.922748196   15.088926581    9.442366661
    1.926283163   15.135359665   17.486759623
    1.929818131   15.198450747   18.105721418
    1.933353098   15.244360155    8.594180052
    1.936888066   15.241411892   -8.457205038
    1.940423034   15.191887580  -16.352206933
    1.943958001   15.122109447  -19.777670860
    1.947492969   15.066555692  -11.799328378
    1.951027937   15.033471553   -6.088668117
    1.954562904   15.015729285   -5.005904659
    1.958097872   14.998031760   -5.404065700
    1.961632839   14.969834613  -11.379079997
    1.965167807   14.918384298  -15.720843346
    1.968702775   14.874952810   -7.931383579
    1.972237742   14.869716873    4.105641941
    1.975772710   14.898956158   10.528335623
    1.979307677   14.935248679    6.835826322
    1.982842645   14.929602357   -9.083195130
    1.986377613   14.877755894  -19.923688959
    1.989912580   14.793971384  -20.952367874
    1.993447548   14.747485885   -2.748509308
    1.996982516   14.770859460   16.906324874
    2.000517483   14.842846723   20.554707914
    2.004052451   14.891443532    3.946602268
    2.007587418   14.862576376  -18.673658034
    2.011122386   14.766349312  -33.588042070
    2.014657354   14.642612632  -32.370221065
    2.018192321   14.540892823  -24.744087952
    2.021727289   14.461608100  -20.032046315
    2.025262256   14.394350646  -21.141673635
    2.028797224   14.315217381  -23.178859810
    2.032332192   14.234892707  -21.810248182
    2.035867159   14.180718854  -10.398469242
    2.039402127   14.161125480   -1.255073516
    2.042937095   14.155359035   -2.883865496
    2.046472062   14.131379399  -10.974046966
    2.050007030   14.069309291  -22.617094162
    2.053541997   13.980171006  -24.923420261
    2.057076965   13.900322301  -19.696520777
    2.060611933   13.839647279  -11.054906008
    2.064146900   13.816615557   -2.938374889
    2.067681868   13.816432663    3.077847488
    2.071216835   13.817754966   -3.371581577
    2.074751803   13.793226221  -12.545169183
    2.078286771   13.724721944  -27.088381707
    2.081821738   13.605550466  -41.283037931
    2.085356706   13.460254099  -38.547838916
    2.088891673   13.343549221  -24.223991884
    2.092426641   13.291925615   -6.166697211
    2.095961609   13.291628757    3.818772675
    2.099496576   13.305547780    2.507647484
    2.103031544   13.307921908   -2.899185583
    2.106566512   13.283319520  -15.289423591
    2.110101479   13.213349803  -24.227575284
    2.113636447   13.115159351  -28.173040257
    2.117171414   13.026615994  -19.432934200
    2.120706382   12.982311257   -4.528984421
    2.124241350   12.985738517    6.181179253
    2.127776317   13.023003289   14.110601338
    2.131311285   13.057580381    7.059160211
    2.134846252   13.069551426    0.179571929
    2.138381220   13.067009301   -3.828419325
    2.141916188   13.044699610   -7.309677155
    2.145451155   13.012074893   -9.994785357
    2.148986123   12.971889779  -12.277920194
    2.152521091   12.938573988   -8.145444882
    2.156056058   12.923193750   -0.229718819
    2.159591026   12.927539429    2.770705155
    2.163125993   12.920973918   -7.628349569
    2.166660961   12.878427973  -14.358283781
    2.170195929   12.827182473  -11.502765841
    2.173730896   12.818723397    7.430580515
    2.177265864   12.882771085   27.368081756
    2.180800831   13.002990548   36.475969470
    2.184335799   13.118469911   27.108877788
    2.187870767   13.182276941   10.391275540
    2.191405734   13.205960064    4.611663494
    2.194940702   13.222701120    8.704350396
    2.198475670   13.274041057   18.466767777
    2.202010637   13.339467561   16.562374071
    2.205545605   13.382488063    6.639522495
    2.209080572   13.382497645   -9.273029842
    2.212615540   13.338903770  -13.350881069
    2.216150508   13.302178835   -6.620010479
    2.219685475   13.311214335   12.112618242
    2.223220443   13.390582287   28.347611681
    2.226755410   13.502451971   33.265963499
    2.230290378   13.605761842   25.485705148
    2.233825346   13.671200227   12.911054307
    2.237360313   13.714958126   12.078855578
    2.240895281   13.763353645   16.751024548
    2.244430249   13.821074478   13.136078791
    2.247965216   13.869011281   12.448086426
    2.251500184   13.905401840    4.819277300
    2.255035151   13.913816096   -0.973790328
    2.258570119   13.902179628   -6.140453208
    2.262105087   13.888059003   -2.529626983
    2.265640054   13.884850416    3.043402166
    2.269175022   13.912585359   10.814159772
    2.272709989   13.955625336    9.566074332
    2.276244957   13.986249100    5.314625351
    2.279779925   13.992508614   -2.824966553
    2.283314892   13.982302764   -1.779287709
    2.286849860   13.982590701    2.580481366
    2.290384827   14.013925588   15.386592749
    2.293919795   14.081639426   19.378341138
    2.297454763   14.138032018   11.194430476
    2.300989730   14.155179489    1.826874728
    2.304524698   14.147072789   -2.777438145
    2.308059666   14.157811292    5.992037066
    2.311594633   14.198735606   15.147552372
    2.315129601   14.247318932   12.134798702
    2.318664568   14.282032909    5.090205492
    2.322199536   14.282603451   -5.446175999
    2.325734504   14.265916843   -5.552780061
    2.329269471   14.253220830   -3.172226390
    2.332804439   14.250103781    0.858107332
    2.336339406   14.247129243   -2.157566479
    2.339874374   14.233926723   -8.154741995
    2.343409342   14.207776874   -5.267433510
    2.346944309   14.198177127   -0.657584895
    2.350479277   14.206256980    4.166295423
    2.354014245   14.221979151    3.704777767
    2.357549212   14.230847988    1.609143606
    2.361084180   14.226517258   -3.869013456
    2.364619147   14.204200406   -6.867310974
    2.368154115   14.176960393   -7.970480382
    2.371689083   14.149070650   -5.687429655
    2.375224050   14.117697108  -10.808700513
    2.378759018   14.061732405  -24.778626032
    2.382293985   13.950649452  -37.591174094
    2.385828953   13.810868153  -38.379781394
    2.389363921   13.692064287  -26.178757526
    2.392898888   13.644799049   -0.612795291
    2.396433856   13.671462353   10.405524472
    2.399968824   13.699369194    2.260332954
    2.403503791   13.672081133  -19.545203467
    2.407038759   13.568083740  -37.491429585
    2.410573726   13.435103411  -34.587809448
    2.414108694   13.358379315   -8.743345280
    2.417643662   13.362444229    9.550693042
    2.421178629   13.403273504    8.476718017
    2.424713597   13.403708255  -10.013655136
    2.428248564   13.342398387  -21.740351037
    2.431783532   13.254690085  -23.453265543
    2.435318500   13.199871941   -6.338964312
    2.438853467   13.201113947    3.957847232
    2.442388435   13.214389532   -0.269591220
    2.445923403   13.188710334  -15.873430511
    2.449458370   13.098022684  -32.891221346
    2.452993338   12.993232076  -22.990030226
    2.456528305   12.943047948   -4.413954905
    2.460063273   12.967115593   14.592273610
    2.463598241   13.029633066   17.352169584
    2.467133208   13.061273493    0.463645688
    2.470668176   13.041709547   -9.792479615
    2.474203143   13.009364415   -6.583857149
    2.477738111   13.014432543    7.407347351
    2.481273079   13.054173637   14.115045346
    2.484808046   13.104007262   10.175583851
    2.488343014   13.117611889   -0.329084530
    2.491877981   13.110850570   -3.195973231
    2.495412949   13.116876563    5.634395570
    2.498947917   13.155994503   15.575832989
    2.502482884   13.211292112   15.555699452
    2.506017852   13.257765861   10.610423317
    2.509552820   13.303484324   15.667862484
    2.513087787   13.381078320   28.695200123
    2.516622755   13.509078381   40.407331026
    2.520157722   13.644154367   33.666063030
    2.523692690   13.735495184   16.751490424
    2.527227658   13.757958981    0.242665460
    2.530762625   13.760150963    3.509270602
    2.534297593   13.804086454   21.043945508
    2.537832560   13.898202644   32.089065760
    2.541367528   14.005421097   27.027613250
    2.544902496   14.079653376   14.593002039
    2.548437463   14.112330011    4.945868126
    2.551972431   14.128589215    8.069078195
    2.555507399   14.183693540   22.011973388
    2.559042366   14.279003734   32.423515084
    2.562577334   14.401055923   33.630852248
    2.566112301   14.510193971   25.127964650
    2.569647269   14.587907682   18.615187496
    2.573182237   14.646712101   15.169558218
    2.576717204   14.709747897   20.788004612
    2.580252172   14.794567049   27.794872018
    2.583787139   14.896057548   27.988680502
    2.587322107   14.982239661   19.164877417
    2.590857075   15.021167651    2.809624644
    2.594392042   15.011294651   -5.985511363
    2.597927010   15.001084895    1.911696057
    2.601461978   15.038448169   20.238238175
    2.604996945   15.139297684   34.961280458
    2.608531913   15.271250363   37.861396683
    2.612066880   15.388689496   27.514608707
    2.615601848   15.475998190   21.463784288
    2.619136816   15.543567898   18.399753114
    2.622671783   15.616331809   24.877151077
    2.626206751   15.713916337   27.689837493
    2.629741718   15.800433028   21.243863546
    2.633276686   15.862154119   13.812057262
    2.636811654   15.900802607    8.567728561
    2.640346621   15.935297060   11.581485417
    2.643881589   15.981765529   14.997130684
    2.647416557   16.032475915   13.679565455
    2.650951524   16.075069328   11.426794503
    2.654486492   16.113456516   11.898309952
    2.658021459   16.161490319   13.440671617
    2.661556427   16.210054300   12.833003852
    2.665091395   16.253910768   13.770547751
    2.668626362   16.315041248   18.646189301
    2.672161330   16.387237898   20.750972794
    2.675696297   16.452384566   16.128393226
    2.679231265   16.487723013    2.992805000
    2.682766233   16.468796919  -14.094327936
    2.686301200   16.414996205  -14.559720421
    2.689836168   16.369566405   -8.160772413
    2.693371135   16.371569767    8.259993389
    2.696906103   16.413350584   13.281849086
    2.700441071   16.463668245   12.508052197
    2.703976038   16.489249885    2.644686138
    2.707511006   16.487193954   -1.571413983
    2.711045974   16.488245259    3.597696474
    2.714580941   16.512266207   10.464778901
    2.718115909   16.554211786   12.951933016
    2.721650876   16.593435924    8.651033585
    2.725185844   16.615065509    4.452778016
    2.728720812   16.618454024   -1.733557743
    2.732255779   16.621146600    4.145751832
    2.735790747   16.655043579   15.345299560
    2.739325714   16.729327460   22.719146545
    2.742860682   16.811773908   22.828428312
    2.746395650   16.876696866   13.371610161
    2.749930617   16.904281084    1.253578895
    2.753465585   16.896701426   -3.354599581
    2.757000553   16.896908428    2.501861006
    2.760535520   16.910915399    4.781447155
    2.764070488   16.930473746    3.289328873
    2.767605455   16.942481794    6.731764126
    2.771140423   16.976517398   12.953174548
    2.774675391   17.027366935   15.399191254
    2.778210358   17.092071491   17.726486058
    2.781745326   17.140002814    7.968017998
    2.785280293   17.143542937   -4.731789952
    2.788815261   17.111301444  -14.932112349
    2.792350229   17.054115781  -16.032708932
    2.795885196   17.009240152   -9.221174017
    2.799420164   16.984405997   -4.259590212
    2.802955132   16.976836809    0.301747278
    2.806490099   16.985908608    5.216729996
    2.810025067   17.014227371    9.826287030
    2.813560034   17.060055579   13.674600359
    2.817095002   17.106200002   11.488222650
    2.820629970   17.143095453    9.969456261
    2.824164937   17.177597082   10.178051283
    2.827699905   17.213500619    9.749177562
    2.831234872   17.240760289    5.687257595
    2.834769840   17.239159031   -7.602874460
    2.838304808   17.201057661  -14.185151210
    2.841839775   17.136526750  -19.133206567
    2.845374743   17.079412655   -9.391852195
    2.848909711   17.087127977   11.771490012
    2.852444678   17.163984999   27.065028156
    2.855979646   17.256113850   22.349774235
    2.859514613   17.305621826    5.019881714
    2.863049581   17.302878011   -5.313881123
    2.866584549   17.298216327    2.906548742
    2.870119516   17.331673835   15.892799033
    2.873654484   17.396639692   18.722281205
    2.877189451   17.449956094   10.575168153
    2.880724419   17.463026909   -0.382575984
    2.884259387   17.467960746    4.950793570
    2.887794354   17.516203324   21.826033186
    2.891329322   17.612326072   29.783237884
    2.894864289   17.679129342    7.864619071
    2.898399257   17.658519353  -18.642829900
    2.901934225   17.570026374  -25.566695252
    2.905469192   17.498679446  -10.686968202
    2.909004160   17.506100457   12.594804482
    2.912539128   17.552028714   10.832806881
    2.916074095   17.566712364   -3.820945811
    2.919609063   17.530713617  -14.332558569
    2.923144030   17.498287957   -1.802662763
    2.926678998   17.535401696   20.416087296
    2.930213966   17.629335311   28.223639174
    2.933748933   17.699682220    6.777387494
    2.937283901   17.675932786  -20.451488158
    2.940818868   17.581194910  -28.983212269
    2.944353836   17.507322853  -10.611069804
    2.947888804   17.511617992   11.087507010
    2.951423771   17.563175719   15.813847176
    2.954958739   17.606442944    6.851138372
    2.958493707   17.613090468   -1.122094876
    2.962028674   17.621916638    9.730484246
    2.965563642   17.690817205   31.124677053
    2.969098609   17.815850870   36.152981898
    2.972633577   17.923493657   20.126364479
    2.976168545   17.932526971  -14.609298131
    2.979703512   17.841969396  -32.201323306
    2.983238480   17.730406890  -24.262461254
    2.986773447   17.688470952    1.882117309
    2.990308415   17.745473719   24.667281847
    2.993843383   17.834488197   23.226416484
    2.997378350   17.894744850    8.995260518
    3.000913318   17.906008518   -1.960081815
    3.004448286   17.896656711   -5.187815200
    3.007983253   17.884326107   -2.294168174
    3.011518221   17.876346419   -1.579671285
    3.015053188   17.874952588    0.876562030
    3.018588156   17.884733784    6.108727413
    3.022123124   17.924610385   15.946219039
    3.025658091   17.988284060   14.810292385
    3.029193059   18.025346112    4.672051490
    3.032728026   18.019886728   -6.976675166
    3.036262994   17.988206582   -9.243340705
    3.039797962   17.973656048    4.575119503
    3.043332929   18.020332840   20.580736565
    3.046867897   18.110062423   26.026200936
    3.050402865   18.191448177   18.965479787
    3.053937832   18.240364633   10.365525134
    3.057472800   18.281145757   14.422071633
    3.061007767   18.352446928   23.463258568
    3.064542735   18.440565161   26.821114273
    3.068077703   18.518558989   14.676893484
    3.071612670   18.544969400   -0.690353285
    3.075147638   18.525998046   -9.335900959
    3.078682605   18.501438153   -3.107716290
    3.082217573   18.509825917    7.784587100
    3.085752541   18.547887076   11.660656474
    3.089287508   18.593312502   15.533298660
    3.092822476   18.638468714   11.086067008
    3.096357443   18.678919783   12.767729957
    3.099892411   18.750741668   26.690958899
    3.103427379   18.862319382   34.339256898
    3.106962346   18.982013869   29.614537385
    3.110497314   19.068369653   15.955697947
    3.114032282   19.098337432    1.506935829
    3.117567249   19.107155230    3.223378852
    3.121102217   19.145255557   19.775526252
    3.124637184   19.243956981   35.921220062
    3.128172152   19.379710528   35.056640854
    3.131707120   19.473428213   13.718829336
    3.135242087   19.482208248   -6.435782447
    3.138777055   19.434290482  -15.933762702
    3.142312022   19.406181691    1.384157557
    3.145846990   19.454150592   25.735898319
    3.149381958   19.570736694   38.970014152
    3.152916925   19.710597704   37.946059269
    3.156451893   19.829870269   28.683921538
    3.159986861   19.932471118   30.821837329
    3.163521828   20.029449180   28.328812410
    3.167056796   20.134384927   31.247117065
    3.170591763   20.248945494   32.705576703
    3.174126731   20.360992120   31.258654982
    3.177661699   20.456970032   21.247724058
    3.181196666   20.524314259   18.568348979
    3.184731634   20.592907511   19.532678475
    3.188266601   20.675301713   26.574912377
    3.191801569   20.790585368   37.014663459
    3.195336537   20.931836772   43.527903914
    3.198871504   21.078453504   36.924747399
    3.202406472   21.194986644   27.271391316
    3.205941440   21.271397538   17.316334682
    3.209476407   21.331392633   19.408606119
    3.213011375   21.424773405   32.447106221
    3.216546342   21.560981986   42.538082206
    3.220081310   21.713433530   42.198341138
    3.223616278   21.849568410   34.449397939
    3.227151245   21.957447001   27.158440012
    3.230686213   22.058220726   30.390505796
    3.234221180   22.167504151   33.083503430
    3.237756148   22.282088388   31.066073125
    3.241291116   22.378655978   21.949425976
    3.244826083   22.446871617   17.236868929
    3.248361051   22.499870489   14.996334194
    3.251896019   22.570207485   27.468200822
    3.255430986   22.694440246   40.841704364
    3.258965954   22.855696156   47.383773292
    3.262500921   23.020028311   42.886261261
    3.266035889   23.160784812   37.281196168
    3.269570857   23.277635116   30.031895020
    3.273105824   23.376369897   27.367897313
    3.276640792   23.468964336   26.418703273
    3.280175759   23.568342168   28.869521224
    3.283710727   23.672292961   27.838612317
    3.287245695   23.756035574   17.698886035
    3.290780662   23.809754156   13.192687826
    3.294315630   23.856596242   14.992279183
    3.297850597   23.927747376   27.611495142
    3.301385565   24.055747239   44.639101669
    3.304920533   24.232698118   54.709323264
    3.308455500   24.419666105   49.455272730
    3.311990468   24.566841516   32.618021776
    3.315525436   24.667175253   23.771202665
    3.319060403   24.745874281   22.538909004
    3.322595371   24.828649396   23.758592161
    3.326130338   24.914299412   20.648436034
    3.329665306   24.981882936   14.625915543
    3.333200274   25.030957743   15.452770536
    3.336735241   25.108806585   29.738029273
    3.340270209   25.234992230   41.916101420
    3.343805176   25.392688826   46.299825247
    3.347340144   25.554508266   43.303109087
    3.350875112   25.687434108   29.978779572
    3.354410079   25.780379736   24.373158441
    3.357945047   25.862886562   23.122864850
    3.361480015   25.945682410   21.802959418
    3.365014982   26.007828167   11.756439020
    3.368549950   26.029753010    3.233454300
    3.372084917   26.036743950    4.380678294
    3.375619885   26.076217015   19.934627826
    3.379154853   26.177465659   35.440256995
    3.382689820   26.314005902   40.233637068
    3.386224788   26.441623304   29.973087427
    3.389759755   26.520107865   16.057165473
    3.393294723   26.553072326    3.424414007
    3.396829691   26.557665599   -1.784141335
    3.400364658   26.564648913    3.451323359
    3.403899626   26.595281259   13.565795220
    3.407434594   26.658950837   23.111807069
    3.410969561   26.735560730   23.500720806
    3.414504529   26.812285326   19.692529861
    3.418039496   26.884062381   20.106919547
    3.421574464   26.951835360   18.668472723
    3.425109432   27.026818456   25.384909054
    3.428644399   27.125070257   28.814326837
    3.432179367   27.214902256   20.693891642
    3.435714334   27.274010935   11.003569338
    3.439249302   27.293290402    2.117348885
    3.442784270   27.298867030    3.096418720
    3.446319237   27.324568593   11.136619528
    3.449854205   27.371298603   14.585485708
    3.453389173   27.413668536   11.041832493
    3.456924140   27.433086777    0.577601482
    3.460459108   27.427614284   -1.150521088
    3.463994075   27.427967198    2.678051448
    3.467529043   27.449006415    9.943943565
    3.471064011   27.498492917   16.702386129
    3.474598978   27.552654805   12.598134285
    3.478133946   27.583475467    2.042504403
    3.481668913   27.569752158   -6.856581744
    3.485203881   27.545495418   -4.227726554
    3.488738849   27.553239804    8.736369579
    3.492273816   27.609575670   26.157970466
    3.495808784   27.715241104   32.621683965
    3.499343751   27.816324775   24.302718672
    3.502878719   27.880997311   10.525647023
    3.506413687   27.901211316    1.945382204
    3.509948654   27.888777729   -5.884455601
    3.513483622   27.868309345   -4.930207098
    3.517018590   27.844408235   -8.606874845
    3.520553557   27.804846909  -11.409234085
    3.524088525   27.756982340  -11.688199043
    3.527623492   27.718097503   -8.859349294
    3.531158460   27.700931562   -1.971018468
    3.534693428   27.708634504    6.307737411
    3.538228395   27.734542984    8.439194117
    3.541763363   27.760500635    7.048821459
    3.545298330   27.761712498   -5.630029035
    3.548833298   27.720170295  -18.862208164
    3.552368266   27.639473023  -22.549573160
    3.555903233   27.584521140   -5.751655030
    3.559438201   27.613759697   22.485104051
    3.562973169   27.734147093   42.666144435
    3.566508136   27.872311436   32.209020289
    3.570043104   27.929980677    1.171289845
    3.573578071   27.884704230  -25.035410488
    3.577113039   27.793984263  -22.157141038
    3.580648007   27.752144605    2.122691302
    3.584182974   27.810903367   29.434429206
    3.587717942   27.922709839   30.271996950
    3.591252909   28.002078869   13.645630091
    3.594787877   28.015448133   -4.451245796
    3.598322845   27.985866296   -8.442755713
    3.601857812   27.968846348   -0.764757120
    3.605392780   27.984388056    7.918287883
    3.608927748   28.010554732    4.443719194
    3.612462715   28.013432097   -2.994237700
    3.615997683   27.986458749   -9.994226100
    3.619532650   27.958316568   -5.602242865
    3.623067618   27.942918308   -1.684883960
    3.626602586   27.937830729   -4.046768864
    3.630137553   27.905038160  -14.996054787
    3.633672521   27.836356220  -23.090143365
    3.637207488   27.754046519  -19.758581066
    3.640742456   27.717209162    0.352537790
    3.644277424   27.747809550   15.647859723
    3.647812391   27.819992406   20.854870639
    3.651347359   27.883820115   11.992403109
    3.654882327   27.912881375    5.638458868
    3.658417294   27.932384105    5.953548758
    3.661952262   27.965097368   10.435564140
    3.665487229   28.005608923    8.592483672
    3.669022197   28.014628997   -5.978994170
    3.672557165   27.969958770  -17.518268703
    3.676092132   27.913881155  -10.601015226
    3.679627100   27.920291663   15.167604064
    3.683162067   28.006570160   31.340348478
    3.686697035   28.115019779   24.531682850
    3.690232003   28.162032625    0.193376470
    3.693766970   28.115248117  -22.752068740
    3.697301938   28.028178736  -23.469808345
    3.700836905   27.982845842   -0.455978889
    3.704371873   28.023785803   20.772161906
    3.707906841   28.098124488   19.382221744
    3.711441808   28.141078654    4.872871491
    3.714976776   28.132411234   -6.237087952
    3.718511744   28.126110919    5.284685011
    3.722046711   28.173077552   22.613466855
    3.725581679   28.272263106   28.125436895
    3.729116646   28.334557790    1.538317329
    3.732651614   28.284725857  -28.481004343
    3.736186582   28.156441074  -39.245083348
    3.739721549   28.044540837  -19.754828137
    3.743256517   28.032139426   10.605123691
    3.746791484   28.114525143   31.902448198
    3.750326452   28.228872290   29.340481951
    3.753861420   28.309640336   18.558800029
    3.757396387   28.366057158   15.402871833
    3.760931355   28.427254867   19.376547253
    3.764466323   28.493573576   15.939677136
    3.768001290   28.521434089   -2.334953819
    3.771536258   28.474633242  -23.507497208
    3.775071225   28.371128998  -31.043399585
    3.778606193   28.282883937  -15.949080183
    3.782141161   28.258122495    3.995275317
    3.785676128   28.299501391   14.387339312
    3.789211096   28.348394569   12.492804534
    3.792746063   28.387772549   12.754868195
    3.796281031   28.450813828   22.938565425
    3.799815999   28.538005570   26.266438386
    3.803350966   28.622172958   18.491231471
    3.806885934   28.638776943   -8.433672030
    3.810420902   28.568983521  -28.778044432
    3.813955869   28.468446475  -24.741798230
    3.817490837   28.424470364    0.705103167
    3.821025804   28.458695866   17.043823960
    3.824560772   28.525705358   15.692904199
    3.828095740   28.553421822   -1.679982485
    3.831630707   28.516790074  -15.048048058
    3.835165675   28.474403777   -7.115140079
    3.838700642   28.477944828    8.219878582
    3.842235610   28.521137345   16.475496138
    3.845770578   28.578260817   12.928064076
    3.849305545   28.623730391   11.941831313
    3.852840513   28.666099490   13.530538199
    3.856375481   28.717662625   11.168472522
    3.859910448   28.746317576    3.013966785
    3.863445416   28.736398141  -10.546300454
    3.866980383   28.685381561  -15.759602557
    3.870515351   28.639056306   -7.725687839
    3.874050319   28.637284750    6.959159017
    3.877585286   28.673573736   11.710395884
    3.881120254   28.703021263    3.283624072
    3.884655221   28.695693901   -8.248396107
    3.888190189   28.660397876  -10.338054295
    3.891725157   28.633858418   -4.773536297
    3.895260124   28.624376170   -2.210045909
    3.898795092   28.610916914   -9.029584550
    3.902330059   28.562696760  -14.836943141
    3.905865027   28.516714498   -8.021668670
    3.909399995   28.516815048    8.773198407
    3.912934962   28.576237635   25.868298122
    3.916469930   28.678642567   28.185126898
    3.920004898   28.776734191   25.239463072
    3.923539865   28.853709908   18.533180027
    3.927074833   28.906267755   10.140879232
    3.930609800   28.932029309    2.826473292
    3.934144768   28.923435743   -8.361321345
    3.937679736   28.885543680  -10.471359108
    3.941214703   28.854465556   -4.138233225
    3.944749671   28.867605620    9.183865214
    3.948284638   28.914216983   15.270210835
    3.951819606   28.959994835    9.026438389
    3.955354574   28.974460589    2.616788470
    3.958889541   28.977857137    1.652405172
    3.962424509   29.002768697   11.403728318
    3.965959477   29.051232327   13.246593375
    3.969494444   29.081953499    1.223622331
    3.973029412   29.061362572   -9.904690342
    3.976564379   29.029691859   -4.246876113
    3.980099347   29.042675240   13.280395817
    3.983634315   29.122499544   31.458320543
    3.987169282   29.253040268   38.109213219
    3.990704250   29.369653394   27.921193476
    3.994239217   29.445927381   16.787025231
    3.997774185   29.498981210   15.615936176
    4.001309153   29.566674136   19.500523261
    4.004844120   29.626012335   12.110854915
    4.008379088   29.635924576   -8.783232480
    4.011914056   29.567606953  -25.839346120
    4.015449023   29.473771741  -26.773411911
    4.018983991   29.404706365  -12.029350333
    4.022518958   29.387088690    0.323891074
    4.026053926   29.402735262    8.762082162
    4.029588894   29.424912679    5.623597230
    4.033123861   29.442333960    4.378496399
    4.036658829   29.454490550    4.312508274
    4.040193796   29.479284212    8.880205454
    4.043728764   29.517907014   10.103422989
    4.047263732   29.547817388    4.936240787
    4.050798699   29.548747577   -3.347027123
    4.054333667   29.535627273   -2.536231610
    4.057868635   29.543180812    6.130970492
    4.061403602   29.586149878   18.926029144
    4.064938570   29.667559191   27.556062685
    4.068473537   29.759268607   24.523850349
    4.072008505   29.812586298    7.133798658
    4.075543473   29.814230837   -2.737836624
    4.079078440   29.809782887    1.823594452
    4.082613408   29.840161192   15.167365199
    4.086148375   29.911461470   21.861312063
    4.089683343   29.982116529   14.664254138
    4.093218311   30.012919603    2.345804153
    4.096753278   30.012305055   -1.100354614
    4.100288246   30.016133575    5.083602294
    4.103823213   30.048139245   12.577113942
    4.107358181   30.097742339   12.193833812
    4.110893149   30.113613916   -5.116150385
    4.114428116   30.065449146  -21.612187972
    4.117963084   29.992363260  -15.606016809
    4.121498052   29.978834197    9.126602034
    4.125033019   30.053924153   27.413215365
    4.128567987   30.158864139   26.496785035
    4.132102954   30.220299796    6.336559982
    4.135637922   30.203865547  -11.959136921
    4.139172890   30.156234375  -10.233994886
    4.142707857   30.143499385    9.399137455
    4.146242825   30.211231951   28.000946294
    4.149777792   30.323459527   31.120955598
    4.153312760   30.398849028   10.325725656
    4.156847728   30.405892374   -5.281819633
    4.160382695   30.392484943    1.472399044
    4.163917663   30.423315713   18.138572890
    4.167452631   30.515284440   30.407279198
    4.170987598   30.617789457   24.664191607
    4.174522566   30.668584425    3.941550745
    4.178057533   30.664511373   -3.917010648
    4.181592501   30.667419778    7.269854153
    4.185127469   30.730823931   29.454959160
    4.188662436   30.859830738   41.603083297
    4.192197404   31.003006808   37.254907590
    4.195732371   31.110995726   20.218034567
    4.199267339   31.171477156   14.566214888
    4.202802307   31.230955393   20.909679281
    4.206337274   31.317200331   29.243929984
    4.209872242   31.418700447   26.175819182
    4.213407210   31.482298527   10.008925773
    4.216942177   31.479988569   -8.905220564
    4.220477145   31.439075767  -11.476551246
    4.224012112   31.413505022    0.629568087
    4.227547080   31.444443931   15.107498354
    4.231082048   31.509318991   18.821756771
    4.234617015   31.560764738   12.249387743
    4.238151983   31.586047932    1.923886719
    4.241686950   31.595809473    7.506225522
    4.245221918   31.644199668   23.218169583
    4.248756886   31.768603851   44.810417185
    4.252291853   31.948238825   53.800548860
    4.255826821   32.119306607   41.023561282
    4.259361788   32.224555335   18.084528197
    4.262896756   32.263039686    4.871514935
    4.266431724   32.278234883    3.968812144
    4.269966691   32.309155079   13.818965380
    4.273501659   32.371500484   18.635260987
    4.277036627   32.435240450   18.167120492
    4.280571594   32.494224090   16.019102857
    4.284106562   32.542138586   12.024274711
    4.287641529   32.574790853    5.921832975
    4.291176497   32.587006931    1.286449654
    4.294711465   32.597336324    6.150472573
    4.298246432   32.634965699   17.680445108
    4.301781400   32.726261645   34.235690438
    4.305316367   32.865097274   42.061295928
    4.308851335   32.999888452   31.403751588
    4.312386303   33.093542985   22.588127962
    4.315921270   33.168386685   24.329707778
    4.319456238   33.287567541   44.695628509
    4.322991206   33.482688799   63.572268401
    4.326526173   33.701616645   56.013623230
    4.330061141   33.856033769   29.391230280
    4.333596108   33.919933793    8.640316355
    4.337131076   33.950230591   12.002666456
    4.340666044   34.023540483   33.055333420
    4.344201011   34.172287697   48.057896834
    4.347735979   34.343171050   44.299117179
    4.351270946   34.479698977   31.387497517
    4.354805914   34.564256901   21.143870602
    4.358340882   34.635047615   21.291909635
    4.361875849   34.729761214   30.779058351
    4.365410817   34.850009437   34.982442237
    4.368945785   34.967230397   31.196157828
    4.372480752   35.071264716   30.773718194
    4.376015720   35.196013482   39.708802244
    4.379550687   35.357887938   49.527512249
    4.383085655   35.531941243   46.208418723
    4.386620623   35.680093543   36.541134444
    4.390155590   35.798816509   31.388124722
    4.393690558   35.901520712   30.329828520
    4.397225525   36.041032915   48.054037328
    4.400760493   36.239398831   60.981314485
    4.404295461   36.461179179   60.152649432
    4.407830428   36.646662654   41.124896201
    4.411365396   36.743897465   17.213809665
    4.414900364   36.773224644    2.388189743
    4.418435331   36.775842807    2.390056057
    4.421970299   36.818792550   21.313956767
    4.425505266   36.919689676   37.015619955
    4.429040234   37.061013164   42.399170912
    4.432575202   37.206284343   38.308145046
    4.436110169   37.338772857   38.925917199
    4.439645137   37.490770218   48.226987844
    4.443180104   37.698439968   71.488214389
    4.446715072   37.985424963   86.306477349
    4.450250040   38.285101331   79.982706786
    4.453785007   38.523034717   53.694963074
    4.457319975   38.679215064   34.891922921
    4.460854942   38.805515667   40.695320766
    4.464389910   38.973472022   57.080570456
    4.467924878   39.204380084   68.956705841
    4.471459845   39.428873206   52.495442136
    4.474994813   39.569530822   25.064985105
    4.478529781   39.622783352    8.478282741
    4.482064748   39.659899691   15.972668550
    4.485599716   39.754500032   36.627590475
    4.489134683   39.898575196   41.914703542
    4.492669651   40.038057116   34.234290532
    4.496204619   40.123322762   15.219658399
    4.499739586   40.174035442   16.957371444
    4.503274554   40.252420957   31.487941189
    4.506809521   40.407315271   54.420174593
    4.510344489   40.613324060   56.630904793
    4.513879457   40.793631676   43.422871527
    4.517414424   40.910406104   23.213765660
    4.520949392   40.983382021   20.672033250
    4.524484360   41.073120504   32.267138231
    4.528019327   41.213476704   45.336546437
    4.531554295   41.388513195   52.004300593
    4.535089262   41.566804814   46.815371422
    4.538624230   41.721707376   40.437220961
    4.542159198   41.857654155   34.609687149
    4.545694165   41.977602148   33.705622665
    4.549229133   42.099867637   35.270559452
    4.552764100   42.236613958   41.391845977
    4.556299068   42.389537525   43.062667026
    4.559834036   42.550968830   47.886729976
    4.563369003   42.730055796   52.817602227
    4.566903971   42.911000328   47.837676877
    4.570438939   43.078828264   44.690672242
    4.573973906   43.222257998   37.678888821
    4.577508874   43.340843597   29.066680619
    4.581043841   43.431671252   22.873020251
    4.584578809   43.504862606   21.607867848
    4.588113777   43.588853715   26.970521136
    4.591648744   43.710233197   40.572067398
    4.595183712   43.882141436   54.349263189
    4.598718679   44.080750156   57.441342624
    4.602253647   44.269733032   49.965073777
    4.605788615   44.433592297   42.155233568
    4.609323582   44.580976325   43.083381020
    4.612858550   44.728050657   38.018213279
    4.616393518   44.857970434   34.017962851
    4.619928485   44.970339341   27.432232642
    4.623463453   45.078327014   33.896531072
    4.626998420   45.219711188   48.864745259
    4.630533388   45.432954110   70.724189377
    4.634068356   45.703376035   78.424986309
    4.637603323   45.954915657   60.372972201
    4.641138291   46.129526374   38.128980475
    4.644673258   46.244617081   31.931781879
    4.648208226   46.376722622   48.215496400
    4.651743194   46.598820906   77.056455433
    4.655278161   46.900596453   89.458792634
    4.658813129   47.190701827   72.954087093
    4.662348096   47.403081852   46.689968909
    4.665883064   47.541082050   35.979188576
    4.669418032   47.688733947   51.072375816
    4.672952999   47.918570062   76.620018945
    4.676487967   48.206680228   81.747007002
    4.680022935   48.463233980   59.085109009
    4.683557902   48.608489222   24.671826624
    4.687092870   48.669296148   15.313178848
    4.690627837   48.749250261   34.985320284
    4.694162805   48.949335087   79.592021602
    4.697697773   49.298952868  112.849306316
    4.701232740   49.707486754  114.908118751
    4.704767708   50.072178718   87.757756255
    4.708302675   50.322721271   56.180307839
    4.711837643   50.489068759   40.269189438
    4.715372611   50.637507647   48.098207437
    4.718907578   50.839053911   68.735238663
    4.722442546   51.114421625   83.562952279
    4.725977514   51.411706716   81.023392401
    4.729512481   51.678606385   69.569566745
    4.733047449   51.894300472   50.409649513
    4.736582416   52.049382694   39.898534545
    4.740117384   52.194407960   44.285844275
    4.743652352   52.381486022   57.954700614
    4.747187319   52.611430726   73.342468971
    4.750722287   52.882046314   79.604679032
    4.754257254   53.176641933   85.080845656
    4.757792222   53.473198662   81.866742211
    4.761327190   53.726592285   64.306306273
    4.764862157   53.917554922   44.410203241
    4.768397125   54.039067750   27.367101723
    4.771932093   54.131737082   29.576506232
    4.775467060   54.265192400   47.524045034
    4.779002028   54.458245877   60.309298761
    4.782536995   54.660569026   49.708639126
    4.786071963   54.793972247   24.271237106
    4.789606931   54.838286427    4.114221628
    4.793141898   54.838553254   -0.157878197
    4.796676866   54.872789219   20.834847731
    4.800211833   54.977481900   34.113907114
    4.803746801   55.083202137   21.240875680
    4.807281769   55.120381349   -2.046568608
    4.810816736   55.081479268  -16.295143967
    4.814351704   55.030429784  -10.690694173
    4.817886672   55.027387475   11.397585045
    4.821421639   55.089179791   23.914653367
    4.824956607   55.180627835   26.514396107
    4.828491574   55.258673420   18.362069507
    4.832026542   55.313679761   13.760409871
    4.835561510   55.352998154    8.944605690
    4.839096477   55.384712097    9.692649429
    4.842631445   55.415380719    8.121201444
    4.846166412   55.443721901    7.271503966
    4.849701380   55.471647776    8.501594545
    4.853236348   55.496446850    5.560718517
    4.856771315   55.514131888    3.268252592
    4.860306283   55.530605857    4.394830032
    4.863841250   55.546301273    5.583126358
    4.867376218   55.579739663   11.402939300
    4.870911186   55.619674564   10.551429979
    4.874446153   55.653113344    9.670464404
    4.877981121   55.684518191    7.414053170
    4.881516089   55.707812719    8.265617063
    4.885051056   55.743359507   13.500143477
    4.888586024   55.801139278   18.027758673
    4.892120991   55.860678357   14.608533866
    4.895655959   55.890285324    3.257585789
    4.899190927   55.866691409  -14.851418802
    4.902725894   55.798612956  -21.346470128
    4.906260862   55.730270154  -13.828989473
    4.909795829   55.728392158   12.296050591
    4.913330797   55.823976603   41.466885257
    4.916865765   56.004266895   56.775293947
    4.920400732   56.195237144   46.429550370
    4.923935700   56.318831299   22.369879536
    4.927470668   56.363340798    3.189185164
    4.931005635   56.357224640   -7.203176479
    4.934540603   56.331078211   -5.425643524
    4.938075570   56.323824893    0.912836786
    4.941610538   56.331997861    4.125570194
    4.945145506   56.359513635   11.909324162
    4.948680473   56.424808266   24.958951404
    4.952215441   56.527777550   33.088457565
    4.955750408   56.646590445   32.521429498
    4.959285376   56.731149510   14.009384486
    4.962820344   56.736750117  -11.244081300
    4.966355311   56.667547100  -22.331331345
    4.969890279   56.597003955  -14.155096317
    4.973425247   56.588480154   10.167984653
    4.976960214   56.645690495   22.232960364
    4.980495182   56.728138587   22.943507437
    4.984030149   56.805887014   19.088421771
    4.987565117   56.872277983   18.206467847
    4.991100085   56.930430320   14.364365686
    4.994635052   56.986646830   18.217544801
    4.998170020   57.053045512   18.765571723
    5.001704987   57.120668823   16.267375266
    5.005239955   57.174899857   12.547086238
    5.008774923   57.202447531    2.376443568
    5.012309890   57.196707687   -4.119280365
    5.015844858   57.175426259   -4.224561052
    5.019379826   57.186337378    9.669476004
    5.022914793   57.253780479   29.277281697
    5.026449761   57.384810839   42.497365414
    5.029984728   57.522161549   34.879189236
    5.033519696   57.610002690   15.957075814
    5.037054664   57.642196681    3.118878840
    5.040589631   57.657247085    6.431264183
    5.044124599   57.701246607   19.228584927
    5.047659566   57.787776058   29.099639497
    5.051194534   57.891147328   27.527275220
    5.054729502   57.978693117   19.769218968
    5.058264469   58.037528995   13.055173824
    5.061799437   58.075062769    6.972577115
    5.065334404   58.104383655    9.100007060
    5.068869372   58.132811761    7.221476281
    5.072404340   58.155762519    3.854815069
    5.075939307   58.161244632   -1.527833481
    5.079474275   58.154064960   -2.339343431
    5.083009243   58.150089789    2.621408427
    5.086544210   58.173653909   12.676982288
    5.090079178   58.238129437   20.847411005
    5.093614145   58.329446348   29.821166566
    5.097149113   58.442478967   31.970357968
    5.100684081   58.562684304   38.006148521
    5.104219048   58.698917762   39.222862943
    5.107754016   58.826666337   31.394788817
    5.111288983   58.919930192   19.870711529
    5.114823951   58.981510725   15.647121439
    5.118358919   59.039470404   17.928961963
    5.121893886   59.113693785   22.908004594
    5.125428854   59.199791702   23.549485106
    5.128963822   59.271333642   14.859646949
    5.132498789   59.313259681    8.002138194
    5.136033757   59.337510800    5.004452039
    5.139568724   59.359957268    8.793980368
    5.143103692   59.395003871   11.754634710
    5.146638660   59.451649231   20.325061465
    5.150173627   59.548151921   33.148570547
    5.153708595   59.695965300   52.858237226
    5.157243562   59.912154289   68.328390088
    5.160778530   60.153244135   64.523473196
    5.164313498   60.341515491   40.478331360
    5.167848465   60.421183390    5.705485750
    5.171383433   60.420459492   -2.970778083
    5.174918401   60.440546196   17.057267945
    5.178453368   60.547999406   40.470918149
    5.181988336   60.702612610   42.352789622
    5.185523303   60.824901249   24.695357804
    5.189058271   60.882015825   11.980367741
    5.192593239   60.924106662   15.599155571
    5.196128206   61.000729687   27.921058618
    5.199663174   61.112891971   32.397368001
    5.203198141   61.215578909   21.274598334
    5.206733109   61.260918949    4.817964354
    5.210268077   61.277412496    6.589142599
    5.213803044   61.323701017   24.040683945
    5.217338012   61.453082255   45.540678502
    5.220872980   61.625197196   48.709582061
    5.224407947   61.787869671   41.986755566
    5.227942915   61.916988776   35.021140416
    5.231477882   62.048063286   41.522108635
    5.235012850   62.222922210   57.882115769
    5.238547818   62.442158815   65.996008125
    5.242082785   62.667601527   58.327868266
    5.245617753   62.838953815   36.452600729
    5.249152720   62.927285809   15.319213796
    5.252687688   62.964238663    9.892619634
    5.256222656   63.020184763   22.965277133
    5.259757623   63.134923501   42.816331023
    5.263292591   63.303469721   50.214748599
    5.266827558   63.465654755   39.382476083
    5.270362526   63.582373784   25.804476800
    5.273897494   63.643324840    9.665229353
    5.277432461   63.671597779    8.933008539
    5.280967429   63.708352761   10.212959921
    5.284502397   63.742532449   11.656467039
    5.288037364   63.795331637   18.787967001
    5.291572332   63.877668723   31.219846873
    5.295107299   64.019277108   48.169616237
    5.298642267   64.209079299   56.590107466
    5.302177235   64.409190588   52.531991941
    5.305712202   64.583151900   44.923107109
    5.309247170   64.739758780   45.554967290
    5.312782137   64.916896170   54.140771255
    5.316317105   65.120940146   59.911619267
    5.319852073   65.329087685   55.935964492
    5.323387040   65.484891814   32.234557517
    5.326922008   65.554586501    8.467303134
    5.330456976   65.575817531    9.111667115
    5.333991943   65.641950826   31.654757111
    5.337526911   65.804642675   59.082705672
    5.341061878   66.049531897   75.943846019
    5.344596846   66.308005985   68.677870367
    5.348131814   66.535650612   59.749427584
    5.351666781   66.733183520   52.944150921
    5.355201749   66.919758699   54.081220803
    5.358736716   67.115470868   54.342707359
    5.362271684   67.286028378   42.234404636
    5.365806652   67.406315207   28.271504251
    5.369341619   67.504778454   30.386522102
    5.372876587   67.662482235   59.721511693
    5.376411555   67.948769612   97.073756967
    5.379946522   68.323964895  109.189123877
    5.383481490   68.674017347   81.934944551
    5.387016457   68.879193541   31.033313664
    5.390551425   68.905895163  -12.651490219
    5.394086393   68.820872728  -26.321228214
    5.397621360   68.757151750   -5.497030418
    5.401156328   68.810706995   35.758422272
    5.404691295   68.983376065   57.187965581
    5.408226263   69.176601802   50.451842003
    5.411761231   69.318727171   28.597996620
    5.415296198   69.386258470   13.246376986
    5.418831166   69.438232987   20.928352569
    5.422366134   69.552729944   43.855321125
    5.425901101   69.741080106   60.402186343
    5.429436069   69.960112299   59.261608143
    5.432971036   70.136706976   38.830334181
    5.436506004   70.237957719   21.534712811
    5.440040972   70.302910017   19.971190832
    5.443575939   70.393862247   31.707909028
    5.447110907   70.543234780   50.721367785
    5.450645874   70.764229359   73.929884311
    5.454180842   71.058670461   88.264912748
    5.457715810   71.357734955   74.284047714
    5.461250777   71.525820972   16.378009916
    5.464785745   71.453887799  -55.360986142
    5.468320712   71.153150485 -104.012323383
    5.471855680   70.869237732  -33.433337977
    5.475390648   71.064592057  155.997082730
    5.478925615   71.956955682  327.677745764
    5.482460583   73.080338408  251.224276945
    5.485995551   73.315447667 -168.576960451
    5.489530518   71.729356873 -709.310765002
    5.493065486   68.791287479 -829.786432170
    5.496600453   67.040669530   33.936247291
    5.500135421   70.376299610 2016.420255099
    5.503670389   82.013765204 4593.757955504
    5.507205356  102.442780844 6823.976642004
    5.510740324  128.839812843 7870.654929856
    5.514275291  156.363944306 7476.172584220
    5.517810259  180.430805170 6016.244696167
    5.521345227  198.437157665 4162.391471549
    5.524880194  210.098840111 2500.543430023
    5.528415162  216.683268427 1311.158770035
    5.531950130  219.932293329  599.869454291
    5.535485097  221.329406621  234.914505046
    5.539020065  221.809485672   61.825911818
    5.542555032  221.909188068    7.538072980
    5.546090000  221.916862747    0.082624448
